Date_measured_harvested	Pot Number	Total Slique Number	Slique Length (mm)	Seed_Num_estimate	Notes
6/21/18	314	11	8.16	89.76	
6/21/18	314	6	8.15	48.9	
6/21/18	314	7	8.43	59.01	
6/21/18	314	6	9.24	55.44	
6/21/18	314	4	6.78	27.12	
6/21/18	314	4	8.06	32.24	
6/21/18	314	3	6.89	20.67	
6/21/18	314	1	6.9	6.9	
6/21/18	314	8	7.94	63.52	
6/21/18	314	4	5.72	22.88	
6/21/18	314	3	7.17	21.51	
6/21/18	314	5	6.63	33.15	
6/21/18	314	5	4.67	23.35	
6/21/18	314	8	7.58	60.64	
6/21/18	314	1	5.56	5.56	
6/21/18	314	4	9.18	36.72	
6/21/18	314	5	6.24	31.2	
6/21/18	332	3	2.28	6.84	
6/21/18	332	1	1.65	1.65	
6/21/18	332	2	5.57	11.14	
6/21/18	332	4	5.48	21.92	
6/21/18	332	6	3.22	19.32	
6/21/18	332	4	6.56	26.24	
6/21/18	332	3	3.43	10.29	
6/21/18	332	4	4.93	19.72	
6/21/18	332	3	5.86	17.58	
6/21/18	332	4	5.37	21.48	
6/21/18	332	3	4.38	13.14	
6/21/18	332	2	4.5	9	
6/21/18	332	6	7.6	45.6	
6/21/18	332	5	7.44	37.2	
6/21/18	332	8	5.37	42.96	
6/21/18	332	3	6.84	20.52	
6/21/18	332	2	5.27	10.54	
6/21/18	332	3	7.55	22.65	
6/21/18	375	3	9.27	27.81	
6/21/18	375	4	4.38	17.52	
6/21/18	375	2	8.48	16.96	
6/21/18	375	3	5.97	17.91	
6/21/18	375	2	5.09	10.18	
6/21/18	375	7	8.95	62.65	
6/21/18	375	9	8.72	78.48	
6/21/18	375	5	7.96	39.8	
6/21/18	375	2	5.82	11.64	
6/21/18	375	2	7.49	14.98	
6/21/18	375	2	8.7	17.4	
6/21/18	375	2	10.21	20.42	
6/21/18	463	2	7.21	14.42	
6/21/18	463	2	6.38	12.76	
6/21/18	463	3	6.89	20.67	
6/21/18	463	5	6.99	34.95	
6/21/18	463	2	7.43	14.86	
6/21/18	463	2	6.12	12.24	
6/21/18	463	3	5.72	17.16	
6/21/18	463	2	7.78	15.56	
6/21/18	463	2	8.62	17.24	
6/21/18	463	3	5.4	16.2	
6/21/18	463	2	6.97	13.94	
6/21/18	463	3	6.87	20.61	
6/21/18	463	3	6.64	19.92	
6/21/18	463	4	5.32	21.28	
6/21/18	463	7	7.23	50.61	
6/21/18	463	3	8	24	
6/26/18	364	8	12.05	96.4	
6/26/18	364	4	4.16	16.64	
6/26/18	372	13	10.09	131.17	
6/26/18	372	7	9.9	69.3	
6/26/18	372	14	10	140	
6/26/18	372	5	9.29	46.45	
6/26/18	372	13	10.21	132.73	
6/26/18	372	9	9.87	88.83	
6/26/18	370	20	10.89	217.8	
6/26/18	370	13	11.21	145.73	
6/26/18	370	7	11.28	78.96	
6/26/18	370	5	9.1	45.5	
6/26/18	370	6	9.61	57.66	
6/26/18	370	9	10.27	92.43	
6/26/18	370	8	9.95	79.6	
6/26/18	370	7	10.01	70.07	
6/26/18	379	7	9.25	64.75	
6/26/18	379	3	5.98	17.94	
6/26/18	379	7	8.55	59.85	
6/26/18	379	5	11.19	55.95	
6/26/18	379	6	9.4	56.4	
6/26/18	379	3	8.54	25.62	
6/26/18	381	6	11.2	67.2	
6/26/18	381	14	10.53	147.42	
6/26/18	381	7	10.06	70.42	
6/26/18	381	12	9.34	112.08	
6/26/18	381	13	10.48	136.24	
6/26/18	381	9	10.18	91.62	
6/26/18	381	3	7.71	23.13	
6/26/18	381	2	8	16	
6/26/18	382	4	8.74	34.96	
6/26/18	382	13	11.04	143.52	
6/26/18	382	12	12.69	152.28	
6/26/18	383	9	11.99	107.91	
6/26/18	383	8	11.24	89.92	
6/26/18	383	17	11.7	198.9	
6/26/18	383	11	11	121	
6/26/18	383	7	8.75	61.25	
6/26/18	383	8	10.5	84	
6/26/18	383	14	12.77	178.78	
6/26/18	383	6	9.73	58.38	
6/26/18	364	8	12.82	102.56	
6/26/18	364	2	8.62	17.24	
6/26/18	364	4	6	24	
6/26/18	364	3	7.69	23.07	
6/26/18	364	3	10.32	30.96	
6/26/18	364	3	9.22	27.66	
6/26/18	364	4	8.24	32.96	
6/26/18	364	4	10.07	40.28	
6/26/18	364	5	11.53	57.65	
6/26/18	364	4	10.72	42.88	
6/26/18	22	1	7.81	7.81	
6/26/18	22	3	7.62	22.86	
6/26/18	24	4	2	8	
6/26/18	24	3	3.62	10.86	
6/26/18	25	5	6.68	33.4	
6/26/18	25	6	4.97	29.82	
6/26/18	30	3	5.64	16.92	
6/26/18	30	2	5	10	
6/26/18	30	2	5	10	
6/26/18	30	3	4.54	13.62	
6/26/18	30	1	3.15	3.15	
6/26/18	30	4	4.33	17.32	
6/26/18	34	7	7.45	52.15	
6/26/18	36	3	5.3	15.9	
6/26/18	36	7	7.86	55.02	
6/26/18	36	5	6.75	33.75	
6/26/18	36	6	7.66	45.96	
6/26/18	38	5	7.96	39.8	
6/26/18	38	4	11.58	46.32	
6/26/18	38	4	9.43	37.72	
6/26/18	38	6	6.47	38.82	
6/26/18	38	2	9.08	18.16	
6/26/18	38	3	6.04	18.12	
6/26/18	38	4	7.33	29.32	
6/26/18	38	5	9.02	45.1	
6/26/18	38	4	8.73	34.92	
6/26/18	38	3	8.97	26.91	
6/26/18	38	4	8.76	35.04	
6/26/18	38	2	7.56	15.12	
6/26/18	38	4	6.8	27.2	
6/26/18	38	4	8.11	32.44	
6/26/18	39	3	4.32	12.96	
6/26/18	39	1	5.28	5.28	
6/26/18	39	1	6.67	6.67	
6/26/18	39	2	5.09	10.18	
6/26/18	39	1	5.85	5.85	
6/26/18	39	1	4.99	4.99	
6/26/18	42	9	5.51	49.59	
6/26/18	42	4	10.43	41.72	
6/26/18	44	3	6.68	20.04	
6/26/18	44	5	7.59	37.95	
6/26/18	44	7	9.34	65.38	
6/26/18	44	9	7.75	69.75	
6/26/18	44	6	8.83	52.98	
6/26/18	44	4	7.36	29.44	
6/26/18	44	3	8.66	25.98	
6/26/18	44	7	7.49	52.43	
6/26/18	44	8	8.43	67.44	
6/26/18	44	8	9.55	76.4	
6/26/18	44	5	8.32	41.6	
6/26/18	44	3	7.52	22.56	
6/26/18	44	6	8.56	51.36	
6/26/18	44	8	9.73	77.84	
6/26/18	44	9	8.6	77.4	
6/26/18	48	4	5.06	20.24	
6/26/18	48	4	4.69	18.76	
6/26/18	52	3	4.98	14.94	
6/26/18	52	10	9.44	94.4	
6/26/18	54	13	10.32	134.16	
6/26/18	54	9	8.86	79.74	
6/26/18	54	6	11.08	66.48	
6/26/18	54	12	10.03	120.36	
6/26/18	54	9	9.53	85.77	
6/26/18	54	9	10.48	94.32	
6/26/18	54	7	8.08	56.56	
6/26/18	54	8	10.12	80.96	
6/26/18	54	19	10.13	192.47	
6/26/18	54	7	8.16	57.12	
6/26/18	54	8	6.98	55.84	
6/26/18	54	28	9.8	274.4	
6/26/18	54	13	10.57	137.41	
6/26/18	54	7	9.04	63.28	
6/26/18	55	2	2.27	4.54	
6/26/18	56	5	8.61	43.05	
6/26/18	56	3	4.42	13.26	
6/26/18	56	4	8.41	33.64	
6/26/18	56	1	2.84	2.84	
6/26/18	62	10	10.83	108.3	
6/26/18	64	5	7.97	39.85	
6/26/18	64	7	9.72	68.04	
6/26/18	68	5	7.21	36.05	
6/26/18	68	9	8.81	79.29	
6/26/18	68	10	9.61	96.1	
6/26/18	68	5	8.98	44.9	
6/26/18	68	7	8.51	59.57	
6/26/18	68	4	6.66	26.64	
6/26/18	68	8	4.99	39.92	
6/26/18	68	2	6.12	12.24	
6/26/18	68	3	7.08	21.24	
6/26/18	68	1	5.06	5.06	
6/26/18	68	7	8.79	61.53	
6/26/18	70	2	5.51	11.02	
6/26/18	70	7	8.46	59.22	
6/26/18	71	5	8.79	43.95	
6/26/18	71	5	7.37	36.85	
6/26/18	71	8	7.75	62	
6/26/18	71	7	8.58	60.06	
6/26/18	71	4	7.02	28.08	
6/26/18	71	8	9.44	75.52	
6/26/18	72	6	7.49	44.94	
6/26/18	73	3	10.44	31.32	
6/26/18	80	4	7.87	31.48	
6/26/18	80	6	8.82	52.92	
6/26/18	81	8	9.01	72.08	
6/26/18	81	4	7.58	30.32	
6/26/18	81	6	8.33	49.98	
6/26/18	82	3	8.11	24.33	
6/26/18	82	4	6.29	25.16	
6/26/18	82	3	5.19	15.57	
6/26/18	82	3	6.55	19.65	
6/26/18	83	10	10.53	105.3	
6/26/18	83	8	7.99	63.92	
6/26/18	83	9	8.15	73.35	
6/26/18	83	10	10.01	100.1	
6/26/18	83	8	8.75	70	
6/26/18	83	8	7.08	56.64	
6/26/18	83	6	8.41	50.46	
6/26/18	83	9	9.74	87.66	
6/26/18	83	8	10.21	81.68	
6/26/18	83	7	8.74	61.18	
6/26/18	83	9	11.44	102.96	
6/26/18	83	6	8.06	48.36	
6/26/18	83	9	10	90	
6/26/18	84	4	8.13	32.52	
6/26/18	84	3	7.06	21.18	
6/26/18	84	3	5.82	17.46	
6/26/18	84	4	8.47	33.88	
6/26/18	90	2	8.34	16.68	
6/26/18	90	6	7.05	42.3	
6/26/18	90	3	7.54	22.62	
6/26/18	92	5	5.57	27.85	
6/26/18	92	5	7.38	36.9	
6/26/18	92	6	6.19	37.14	
6/26/18	92	4	7.44	29.76	
6/26/18	102	3	7.98	23.94	
6/26/18	103	5	6.46	32.3	
6/26/18	103	5	6.86	34.3	
6/26/18	103	5	8.43	42.15	
6/26/18	106	3	7.04	21.12	
6/26/18	103	4	10.05	40.2	
6/26/18	103	1	8.43	8.43	
6/26/18	103	2	4.65	9.3	
6/26/18	103	2	4.61	9.22	
6/26/18	107	4	7.65	30.6	
6/26/18	107	6	9.02	54.12	
6/26/18	107	2	6.04	12.08	
6/26/18	107	2	7.16	14.32	
6/26/18	107	6	8.17	49.02	
6/26/18	107	1	8.47	8.47	
6/26/18	107	3	10.46	31.38	
6/26/18	107	2	9.22	18.44	
6/26/18	107	3	8.64	25.92	
6/26/18	107	5	6.51	32.55	
6/26/18	107	4	8.7	34.8	
6/26/18	108	7	8.8	61.6	
6/26/18	108	10	8.87	88.7	
6/26/18	108	3	7.51	22.53	
6/26/18	108	7	6.71	46.97	
6/26/18	108	13	7.52	97.76	
6/26/18	108	6	6.58	39.48	
6/26/18	108	4	7.22	28.88	
6/26/18	108	21	7.96	167.16	
6/26/18	108	6	6.1	36.6	
6/26/18	108	5	7.46	37.3	
6/26/18	108	5	9.1	45.5	
6/26/18	108	9	8.32	74.88	
6/26/18	108	2	8.22	16.44	
6/26/18	108	8	9.58	76.64	
6/26/18	110	2	4.12	8.24	
6/26/18	110	4	4.61	18.44	
6/26/18	110	3	9.82	29.46	
6/26/18	110	4	4.84	19.36	
6/26/18	110	4	7.91	31.64	
6/26/18	419	7	9.44	66.08	
6/26/18	419	4	9.69	38.76	
6/26/18	419	4	8.48	33.92	
6/26/18	419	3	10.92	32.76	
6/26/18	419	6	9.99	59.94	
6/26/18	419	8	7.39	59.12	
6/26/18	419	4	9.8	39.2	
6/26/18	419	4	8.94	35.76	
6/26/18	419	4	9.44	37.76	
6/26/18	419	2	9.93	19.86	
6/26/18	419	3	9.06	27.18	
6/26/18	419	2	9.87	19.74	
6/26/18	419	9	11.82	106.38	
6/26/18	419	4	9.04	36.16	
6/26/18	419	6	10.57	63.42	
6/26/18	419	5	9.56	47.8	
6/26/18	416	3	10.21	30.63	
6/26/18	416	4	9.66	38.64	
6/26/18	416	8	8.61	68.88	
6/26/18	416	4	8.1	32.4	
6/26/18	416	8	11.27	90.16	
6/26/18	416	5	11.05	55.25	
6/26/18	416	6	8.58	51.48	
6/26/18	416	2	8.75	17.5	
6/26/18	416	2	8.07	16.14	
6/26/18	416	4	10.49	41.96	
6/26/18	416	3	12.32	36.96	
6/26/18	416	4	9.8	39.2	
6/26/18	416	3	12.15	36.45	
6/26/18	416	5	8.85	44.25	
6/26/18	416	3	6.54	19.62	
6/26/18	416	6	11.31	67.86	
6/26/18	416	4	9.59	38.36	
6/26/18	416	4	8.94	35.76	
6/26/18	416	3	8.55	25.65	
6/26/18	434	6	10.06	60.36	
6/26/18	434	3	6.62	19.86	
6/26/18	435	7	10.46	73.22	
6/26/18	435	5	11.12	55.6	
6/26/18	438	5	10.3	51.5	
6/26/18	438	6	9.82	58.92	
6/26/18	438	8	6.28	50.24	
6/26/18	438	5	9.85	49.25	
6/26/18	438	5	8.96	44.8	
6/26/18	438	5	10.38	51.9	
6/26/18	438	9	10.46	94.14	
6/26/18	438	5	9.96	49.8	
6/26/18	442	4	8.37	33.48	
6/26/18	442	6	8.99	53.94	
6/26/18	442	7	9.15	64.05	
6/26/18	442	8	7.74	61.92	
6/26/18	442	7	9.31	65.17	
6/26/18	442	5	9.3	46.5	
6/26/18	442	6	9.71	58.26	
6/26/18	442	5	9.13	45.65	
6/26/18	442	5	9.18	45.9	
6/26/18	442	4	9.22	36.88	
6/26/18	442	7	8.9	62.3	
6/26/18	442	6	9.75	58.5	
6/26/18	442	6	8.45	50.7	
6/26/18	442	10	8.79	87.9	
6/26/18	442	6	9.23	55.38	
6/26/18	442	4	6.62	26.48	
6/26/18	442	6	8	48	
6/26/18	443	6	9.87	59.22	
6/26/18	443	5	10.26	51.3	
6/26/18	447	4	9.05	36.2	
6/26/18	447	4	6.75	27	
6/26/18	447	3	6.49	19.47	
6/26/18	447	4	6.69	26.76	
6/26/18	452	5	9.02	45.1	
6/26/18	452	8	8.4	67.2	
6/26/18	452	4	7.73	30.92	
6/26/18	452	4	8.75	35	
6/26/18	456	6	10.94	65.64	
6/26/18	456	5	9.54	47.7	
6/26/18	456	6	11.54	69.24	
6/26/18	456	4	9.62	38.48	
6/26/18	454	2	10.85	21.7	
6/26/18	454	8	9.67	77.36	
6/26/18	454	9	9.64	86.76	
6/26/18	457	2	5.92	11.84	
6/26/18	457	5	8.45	42.25	
6/26/18	457	5	7.75	38.75	
6/26/18	457	5	8.24	41.2	
6/26/18	474	1	7.84	7.84	
6/26/18	245	22	10.93	240.46	
6/26/18	245	9	10.81	97.29	
6/26/18	245	5	8.64	43.2	
6/26/18	245	13	10.84	140.92	
6/26/18	245	14	9.5	133	
6/26/18	245	8	11.34	90.72	
6/26/18	245	18	11.39	205.02	
6/26/18	245	5	9.3	46.5	
6/26/18	245	2	10.77	21.54	
6/26/18	247	11	11.11	122.21	
6/26/18	247	11	11.27	123.97	
6/26/18	247	18	14.88	267.84	
6/26/18	249	14	10.53	147.42	
6/26/18	249	4	6.01	24.04	
6/26/18	249	2	7.55	15.1	
6/26/18	249	8	8.33	66.64	
6/26/18	249	3	6.45	19.35	
6/26/18	249	4	6.09	24.36	
6/26/18	249	1	6.54	6.54	
6/26/18	249	3	7.59	22.77	
6/26/18	249	8	8.37	66.96	
6/26/18	254	8	11.05	88.4	
6/26/18	254	8	10.76	86.08	
6/26/18	254	8	10.18	81.44	
6/26/18	254	4	10.45	41.8	
6/26/18	254	7	11.79	82.53	
6/26/18	254	9	11.32	101.88	
6/26/18	254	8	11.45	91.6	
6/26/18	254	9	11.1	99.9	
6/26/18	254	7	10.43	73.01	
6/26/18	254	7	10.18	71.26	
6/26/18	254	5	10	50	
6/26/18	254	8	11.66	93.28	
6/26/18	254	12	12.19	146.28	
6/26/18	254	9	11.75	105.75	
6/26/18	254	3	9.28	27.84	
6/26/18	254	3	9.58	28.74	
6/26/18	257	13	11.33	147.29	
6/26/18	257	8	9.73	77.84	
6/26/18	257	10	9.94	99.4	
6/26/18	257	10	11.62	116.2	
6/26/18	257	10	9.45	94.5	
6/26/18	257	12	10.51	126.12	
6/26/18	257	5	10.79	53.95	
6/26/18	257	6	13.02	78.12	
6/26/18	257	11	12.61	138.71	
6/26/18	257	3	8.32	24.96	
6/26/18	257	8	9.38	75.04	
6/26/18	257	2	9.98	19.96	
6/26/18	257	2	9.32	18.64	
6/26/18	257	3	9.17	27.51	
6/26/18	259	8	10.46	83.68	
6/26/18	259	5	9.9	49.5	
6/26/18	259	5	10.5	52.5	
6/26/18	259	10	12.11	121.1	
6/26/18	261	5	8.69	43.45	
6/26/18	261	17	14.09	239.53	
6/26/18	261	9	11.04	99.36	
6/26/18	261	4	12.31	49.24	
6/26/18	261	7	12.5	87.5	
6/26/18	261	9	12.38	111.42	
6/26/18	261	11	12.58	138.38	
6/26/18	261	6	12.16	72.96	
6/26/18	261	12	13.15	157.8	
6/26/18	261	9	12.45	112.05	
6/26/18	261	6	11.07	66.42	
6/26/18	261	5	13.06	65.3	
6/26/18	261	6	12.27	73.62	
6/26/18	261	4	14.15	56.6	
6/26/18	261	9	13.11	117.99	
6/26/18	261	13	12.16	158.08	
6/26/18	261	6	11.56	69.36	
6/26/18	261	6	12.83	76.98	
6/26/18	261	6	12	72	
6/26/18	387	12	14.2	170.4	
6/26/18	387	19	11.71	222.49	
6/26/18	387	17	13.24	225.08	
6/26/18	387	20	13	260	
6/26/18	387	16	13.52	216.32	
6/26/18	387	14	14.43	202.02	
6/26/18	387	13	13.06	169.78	
6/26/18	387	5	12.42	62.1	
6/26/18	388	6	10.36	62.16	
6/26/18	388	11	10.59	116.49	
6/26/18	389	6	8.51	51.06	
6/26/18	389	6	10.7	64.2	
6/26/18	389	15	13.7	205.5	
6/26/18	389	7	10.61	74.27	
6/26/18	389	20	13.03	260.6	
6/26/18	389	6	11.17	67.02	
6/26/18	393	11	9.78	107.58	
6/26/18	393	7	10.27	71.89	
6/26/18	393	6	6.58	39.48	
6/26/18	393	5	11.35	56.75	
6/26/18	393	15	11.28	169.2	
6/26/18	402	11	12.2	134.2	
6/26/18	402	11	10.29	113.19	
6/26/18	403	3	8.41	25.23	
6/26/18	403	3	7.48	22.44	
6/26/18	403	3	9.65	28.95	
6/26/18	403	3	4.09	12.27	
6/26/18	403	2	4.63	9.26	
6/26/18	403	1	5.31	5.31	
6/26/18	409	7	11.45	80.15	
6/26/18	409	10	10	100	
6/26/18	409	13	11.82	153.66	
6/26/18	409	6	11.16	66.96	
6/26/18	409	12	12.54	150.48	
6/26/18	409	6	8.46	50.76	
6/26/18	416	3	10.07	30.21	
6/26/18	416	3	10.25	30.75	
6/26/18	111	12	8.61	103.32	
6/26/18	111	11	7.58	83.38	
6/26/18	111	3	4.04	12.12	
6/26/18	111	3	10.58	31.74	
6/26/18	111	9	8.45	76.05	
6/26/18	114	4	10.65	42.6	
6/26/18	115	4	6.82	27.28	
6/26/18	115	7	7.94	55.58	
6/26/18	115	5	6.97	34.85	
6/26/18	115	6	6.17	37.02	
6/26/18	115	5	7.95	39.75	
6/26/18	115	3	4.65	13.95	
6/26/18	115	2	6.59	13.18	
6/26/18	115	6	5.64	33.84	
6/26/18	116	10	8.51	85.1	
6/26/18	116	6	7.01	42.06	
6/26/18	116	7	9.24	64.68	
6/26/18	116	4	7.48	29.92	
6/26/18	116	14	8.67	121.38	
6/26/18	116	4	8.15	32.6	
6/26/18	116	9	6.88	61.92	
6/26/18	116	9	8.14	73.26	
6/26/18	116	11	9.78	107.58	
6/26/18	116	5	7.89	39.45	
6/26/18	116	5	7.89	39.45	
6/26/18	116	3	7.53	22.59	
6/26/18	117	3	9.98	29.94	
6/26/18	117	6	10.66	63.96	
6/26/18	118	10	7.75	77.5	
6/26/18	118	10	7.01	70.1	
6/26/18	124	4	9.27	37.08	
6/26/18	124	1	6.07	6.07	
6/26/18	124	6	5.41	32.46	
6/26/18	124	2	7.2	14.4	
6/26/18	124	5	5.65	28.25	
6/26/18	127	8	7.89	63.12	
6/26/18	127	10	6.56	65.6	
6/26/18	127	7	10.26	71.82	
6/26/18	128	4	8.15	32.6	
6/26/18	128	11	7.57	83.27	
6/26/18	128	4	8.09	32.36	
6/26/18	128	4	6.41	25.64	
6/26/18	128	6	9.42	56.52	
6/26/18	128	8	10.75	86	
6/26/18	128	13	9.25	120.25	
6/26/18	128	4	7.62	30.48	
6/26/18	128	8	9.07	72.56	
6/26/18	128	4	8.14	32.56	
6/26/18	205	13	10.05	130.65	
6/26/18	205	7	8.85	61.95	
6/26/18	205	4	9.62	38.48	
6/26/18	205	4	5.45	21.8	
6/26/18	205	3	4.02	12.06	
6/26/18	205	5	6.19	30.95	
6/26/18	206	3	7.38	22.14	
6/26/18	206	6	8.61	51.66	
6/26/18	206	7	10.13	70.91	
6/26/18	208	12	8.52	102.24	
6/26/18	208	7	8.17	57.19	
6/26/18	208	5	9.32	46.6	
6/26/18	208	3	6.89	20.67	
6/26/18	208	6	10.28	61.68	
6/26/18	208	5	8.72	43.6	
6/26/18	208	16	10.31	164.96	
6/26/18	208	3	5.86	17.58	
6/26/18	213	7	8.44	59.08	
6/26/18	214	7	9.46	66.22	
6/26/18	214	7	10.64	74.48	
6/26/18	214	7	12.64	88.48	
6/26/18	214	9	11	99	
6/26/18	214	9	13.09	117.81	
6/26/18	216	2	7.33	14.66	
6/26/18	216	6	11.31	67.86	
6/26/18	216	7	12.07	84.49	
6/26/18	216	4	9.34	37.36	
6/26/18	216	22	12.96	285.12	
6/26/18	223	7	6.79	47.53	
6/26/18	223	16	8.07	129.12	
6/26/18	223	15	7.83	117.45	
6/26/18	223	17	7.41	125.97	
6/26/18	223	14	9.83	137.62	
6/26/18	223	9	7.75	69.75	
6/26/18	223	20	7.81	156.2	
6/26/18	223	9	8.92	80.28	
6/26/18	223	14	5.76	80.64	
6/26/18	223	10	7.85	78.5	
6/26/18	224	3	8.44	25.32	
6/26/18	225	6	7.8	46.8	
6/26/18	225	6	8.43	50.58	
6/26/18	225	5	5.47	27.35	
6/26/18	225	5	8.04	40.2	
6/26/18	225	4	6.54	26.16	
6/26/18	231	5	6.65	33.25	
6/26/18	231	6	6.02	36.12	
6/26/18	231	6	7.64	45.84	
6/26/18	235	11	8.2	90.2	
6/26/18	235	14	8.2	114.8	
6/26/18	235	4	8.57	34.28	
6/26/18	264	9	9.41	84.69	
6/26/18	264	12	11.87	142.44	
6/26/18	264	14	12.39	173.46	
6/26/18	264	15	9.08	136.2	
6/26/18	264	11	11.81	129.91	
6/26/18	264	8	9.69	77.52	
6/26/18	264	12	10.6	127.2	
6/26/18	264	12	9.54	114.48	
6/26/18	264	14	9.42	131.88	
6/26/18	264	7	10.01	70.07	
6/26/18	264	12	10.99	131.88	
6/26/18	264	10	10.23	102.3	
6/26/18	264	4	8.04	32.16	
6/26/18	264	4	8.28	33.12	
6/26/18	264	7	8.14	56.98	
6/26/18	264	7	9.11	63.77	
6/26/18	275	7	10.8	75.6	
6/26/18	275	6	10.61	63.66	
6/26/18	275	8	12.04	96.32	
6/26/18	275	8	10.7	85.6	
6/26/18	275	9	10.71	96.39	
6/26/18	275	8	10.93	87.44	
6/26/18	275	5	11.69	58.45	
6/26/18	275	7	10.47	73.29	
6/26/18	275	9	12.44	111.96	
6/26/18	275	5	11.45	57.25	
6/26/18	275	6	10.53	63.18	
6/26/18	275	6	9.5	57	
6/26/18	275	4	9.84	39.36	
6/26/18	275	6	10.97	65.82	
6/26/18	275	7	9.58	67.06	
6/26/18	275	5	9.13	45.65	
6/26/18	275	3	10.69	32.07	
6/26/18	278	1	6.55	6.55	
6/26/18	278	3	7.23	21.69	
6/26/18	278	1	9.01	9.01	
6/26/18	278	4	6.72	26.88	
6/26/18	279	2	10.14	20.28	
6/26/18	279	3	8.57	25.71	
6/26/18	279	2	6.9	13.8	
6/26/18	283	2	6.35	12.7	
6/26/18	283	2	6.42	12.84	
6/26/18	285	4	9.99	39.96	
6/26/18	285	8	10.82	86.56	
6/26/18	285	9	10.97	98.73	
6/26/18	296	3	7.21	21.63	
6/26/18	296	2	5.89	11.78	
6/26/18	302	3	12.83	38.49	
6/26/18	302	6	11.52	69.12	
6/26/18	302	7	11.09	77.63	
6/26/18	302	2	10.17	20.34	
6/26/18	302	7	12.13	84.91	
6/26/18	302	7	11.48	80.36	
6/26/18	302	13	11.29	146.77	
6/26/18	302	6	9.6	57.6	
6/26/18	302	7	10.73	75.11	
6/26/18	302	4	9.93	39.72	
6/26/18	306	3	10.07	30.21	
6/26/18	306	2	8.12	16.24	
6/26/18	306	5	13.02	65.1	
6/26/18	306	1	4.92	4.92	
6/26/18	321	21	12.55	263.55	
6/26/18	321	17	10.62	180.54	
6/26/18	321	13	9.26	120.38	
6/26/18	321	23	11.91	273.93	
6/26/18	321	17	10.34	175.78	
6/26/18	321	24	11.77	282.48	
6/26/18	321	24	10.52	252.48	
6/26/18	321	15	11.1	166.5	
6/26/18	321	7	8.97	62.79	
6/26/18	321	18	9.44	169.92	
6/26/18	321	11	11.86	130.46	
6/26/18	321	15	10.48	157.2	
6/26/18	321	15	11.16	167.4	
6/26/18	321	10	9.11	91.1	
6/26/18	312	12	11.2	134.4	
6/26/18	312	10	9.17	91.7	
6/26/18	312	5	10.25	51.25	
6/26/18	312	13	10.45	135.85	
6/26/18	312	14	10.77	150.78	
6/26/18	312	15	10.17	152.55	
6/26/18	312	12	10.34	124.08	
6/26/18	312	14	10.06	140.84	
6/26/18	312	23	10.59	243.57	
6/26/18	312	9	9.18	82.62	
6/26/18	326	7	9.69	67.83	
6/26/18	326	8	9.75	78	
6/26/18	326	12	11.69	140.28	
6/26/18	326	8	10.46	83.68	
6/26/18	326	14	12.03	168.42	
6/26/18	326	8	11.73	93.84	
6/26/18	326	5	7.67	38.35	
6/26/18	333	13	9.84	127.92	
6/26/18	333	12	9.75	117	
6/26/18	333	26	10.53	273.78	
6/26/18	334	4	13.42	53.68	
6/26/18	334	8	9.63	77.04	
6/26/18	337	6	13.66	81.96	
6/26/18	337	5	13.84	69.2	
6/26/18	337	6	13.38	80.28	
6/26/18	337	8	13.62	108.96	
6/26/18	337	4	11.82	47.28	
6/26/18	337	6	12.79	76.74	
6/26/18	337	5	11.77	58.85	
6/26/18	337	15	13.25	198.75	
6/26/18	337	5	12.67	63.35	
6/26/18	337	4	12.18	48.72	
6/26/18	339	6	11.45	68.7	
6/26/18	349	7	11.12	77.84	
6/26/18	349	9	7.65	68.85	
6/26/18	351	14	12.84	179.76	
6/26/18	351	11	12.86	141.46	
6/26/18	351	11	11.9	130.9	
6/26/18	360	8	10.48	83.84	
6/26/18	360	5	7.09	35.45	
6/26/18	360	6	11.18	67.08	
6/26/18	360	5	8.46	42.3	
6/26/18	360	9	9.28	83.52	
6/26/18	360	7	8.42	58.94	
6/26/18	360	5	8.96	44.8	
6/26/18	360	4	8.5	34	
6/26/18	360	3	7.19	21.57	
6/26/18	360	3	7.3	21.9	
6/26/18	255	15	9.95	149.25	
6/26/18	148	6	9.9	59.4	
6/26/18	148	3	7.9	23.7	
6/26/18	148	3	7.86	23.58	
6/26/18	148	5	8.93	44.65	
6/26/18	148	5	8.8	44	
6/26/18	148	4	7.53	30.12	
6/26/18	148	4	8.64	34.56	
6/26/18	148	4	8.2	32.8	
6/26/18	148	4	8.85	35.4	
6/26/18	148	3	8.06	24.18	
6/26/18	148	3	7.57	22.71	
6/26/18	148	3	7.75	23.25	
6/26/18	153	2	9.11	18.22	
6/26/18	153	4	10.04	40.16	
6/26/18	159	7	9.46	66.22	
6/26/18	159	4	8.66	34.64	
6/26/18	159	4	9.72	38.88	
6/26/18	159	3	9.42	28.26	
6/26/18	159	2	9.6	19.2	
6/26/18	159	3	8.61	25.83	
6/26/18	159	4	8.66	34.64	
6/26/18	159	4	7.09	28.36	
6/26/18	159	5	9.81	49.05	
6/26/18	159	3	7.82	23.46	
6/26/18	159	3	9.09	27.27	
6/26/18	159	5	7.54	37.7	
6/26/18	159	3	8.49	25.47	
6/26/18	159	4	8.25	33	
6/26/18	159	3	9.59	28.77	
6/26/18	159	3	8.28	24.84	
6/26/18	159	3	9.44	28.32	
6/26/18	159	3	8.73	26.19	
6/26/18	160	5	7.4	37	
6/26/18	160	4	4.99	19.96	
6/26/18	160	5	8.45	42.25	
6/26/18	160	4	7.83	31.32	
6/26/18	160	3	7.51	22.53	
6/26/18	160	5	8.24	41.2	
6/26/18	160	5	7.31	36.55	
6/26/18	160	3	8.11	24.33	
6/26/18	160	3	4.49	13.47	
6/26/18	160	5	6.9	34.5	
6/26/18	160	4	6.96	27.84	
6/26/18	160	4	9.37	37.48	
6/26/18	160	2	7.27	14.54	
6/26/18	160	5	7.95	39.75	
6/26/18	160	3	8.17	24.51	
6/26/18	160	2	7.08	14.16	
6/26/18	160	2	8.31	16.62	
6/26/18	161	4	5.11	20.44	
6/26/18	161	4	6.02	24.08	
6/26/18	161	5	6.57	32.85	
6/26/18	161	2	5.11	10.22	
6/26/18	161	2	8	16	
6/26/18	161	3	9.26	27.78	
6/26/18	161	3	7.09	21.27	
6/26/18	161	3	7.07	21.21	
6/26/18	161	2	6.74	13.48	
6/26/18	161	2	7.7	15.4	
6/26/18	161	2	6.51	13.02	
6/26/18	167	6	8.96	53.76	
6/26/18	167	5	9.19	45.95	
6/26/18	167	8	11.53	92.24	
6/26/18	167	6	7.04	42.24	
6/26/18	167	6	8.86	53.16	
6/26/18	167	5	7.7	38.5	
6/26/18	167	4	8.34	33.36	
6/26/18	181	5	10.34	51.7	
6/26/18	181	4	10.84	43.36	
6/26/18	181	8	10.35	82.8	
6/26/18	181	6	8.74	52.44	
6/26/18	181	8	9.49	75.92	
6/26/18	181	8	8.59	68.72	
6/26/18	181	8	9.8	78.4	
6/26/18	181	6	7.51	45.06	
6/26/18	181	7	8.97	62.79	
6/26/18	181	5	8.28	41.4	
6/26/18	181	8	9.77	78.16	
6/26/18	181	7	9.05	63.35	
6/26/18	188	19	10.1	191.9	
6/26/18	188	12	11.22	134.64	
6/26/18	188	10	12.14	121.4	
6/26/18	188	11	11.55	127.05	
6/26/18	188	11	11.36	124.96	
6/26/18	188	18	11.45	206.1	
6/26/18	188	16	12.64	202.24	
6/26/18	188	15	11.92	178.8	
6/26/18	188	10	9.83	98.3	
6/26/18	188	13	11.44	148.72	
6/26/18	188	6	11.43	68.58	
6/26/18	188	17	10.68	181.56	
6/26/18	188	10	11.46	114.6	
6/26/18	188	13	11.52	149.76	
6/26/18	188	8	12.54	100.32	
6/26/18	197	8	10.7	85.6	
6/26/18	197	6	7.05	42.3	
6/26/18	197	7	8.93	62.51	
6/26/18	197	5	7.82	39.1	
6/26/18	197	6	9.64	57.84	
6/26/18	197	4	7.88	31.52	
6/26/18	197	6	8.84	53.04	
6/26/18	197	7	9.12	63.84	
6/26/18	197	4	8.35	33.4	
6/26/18	197	5	8.8	44	
6/26/18	204	14	11.14	155.96	
6/26/18	204	12	10.64	127.68	
6/26/18	204	10	9.67	96.7	
6/26/18	204	6	13.21	79.26	
6/26/18	205	4	10.37	41.48	
6/26/18	205	11	11.87	130.57	
6/26/18	205	7	11.65	81.55	
6/26/18	205	5	7.6	38	
6/26/18	205	4	7.04	28.16	
6/26/18	205	3	7.4	22.2	
6/26/18	208	14	12.7	177.8	
6/26/18	208	12	12.71	152.52	
6/26/18	208	5	10.71	53.55	
6/26/18	208	4	7.54	30.16	
6/26/18	208	5	9.31	46.55	
6/26/18	208	7	10.17	71.19	
6/26/18	208	3	9.37	28.11	
6/26/18	208	6	10.14	60.84	
7/3/18	13	8	10.73	85.84	
7/3/18	13	5	8.56	42.8	
7/3/18	13	2	8.18	16.36	
7/3/18	13	6	8.91	53.46	
7/3/18	13	5	7.71	38.55	
7/3/18	13	9	7.12	64.08	
7/3/18	13	3	7.59	22.77	
7/3/18	13	6	8.9	53.4	
7/3/18	13	7	8.49	59.43	
7/3/18	16	3		0	
7/3/18	17	16	12.38	198.08	
7/3/18	22	5	7.86	39.3	
7/3/18	22	6	9.58	57.48	
7/3/18	22	2	5.3	10.6	
7/3/18	24	6	7.57	45.42	
7/3/18	25	6	9.48	56.88	
7/3/18	25	4	8.43	33.72	
7/3/18	25	3	6.7	20.1	
7/3/18	30	5	6.67	33.35	
7/3/18	34	6	10.21	61.26	
7/3/18	34	2	10.88	21.76	
7/3/18	34	6	9.44	56.64	
7/3/18	36	8	9.17	73.36	
7/3/18	38	7	9.26	64.82	
7/3/18	38	6	7.97	47.82	
7/3/18	38	3	9.87	29.61	
7/3/18	42	8	8.96	71.68	
7/3/18	44	6	10.92	65.52	
7/3/18	44	5	6.78	33.9	
7/3/18	44	5	7.66	38.3	
7/3/18	44	1	6.04	6.04	
7/3/18	44	4	9.65	38.6	
7/3/18	44	3	6.11	18.33	
7/3/18	45	3	6.48	19.44	
7/3/18	45	4	7.81	31.24	
7/3/18	52	10	11.85	118.5	
7/3/18	52	2	9.1	18.2	
7/3/18	52	11	10.12	111.32	
7/3/18	52	3	11.08	33.24	
7/3/18	52	4	9.28	37.12	
7/3/18	52	5	8.3	41.5	
7/3/18	54	14	9.77	136.78	
7/3/18	54	8	10.89	87.12	
7/3/18	54	7	9.82	68.74	
7/3/18	54	10	11.13	111.3	
7/3/18	54	14	9.94	139.16	
7/3/18	54	6	7.91	47.46	
7/3/18	55	9	10.4	93.6	
7/3/18	55	4	9.7	38.8	
7/3/18	55	4	8.64	34.56	
7/3/18	55	4	6.14	24.56	
7/3/18	55	9	8.86	79.74	
7/3/18	55	10	12.66	126.6	
7/3/18	56	22	12.89	283.58	
7/3/18	56	5	9.68	48.4	
7/3/18	56	16	11.09	177.44	
7/3/18	56	4	8.8	35.2	
7/3/18	56	23	9.63	221.49	
7/3/18	56	18	13.19	237.42	
7/3/18	56	9	10.41	93.69	
7/3/18	56	8	9.65	77.2	
7/3/18	56	10	10.3	103	
7/3/18	57	17	13.21	224.57	
7/3/18	57	26	12.06	313.56	
7/3/18	57	16	11.08	177.28	
7/3/18	57	9	10.17	91.53	
7/3/18	57	17	12.61	214.37	
7/3/18	57	16	11.92	190.72	
7/3/18	57	13	13.44	174.72	
7/3/18	57	9	9.64	86.76	
7/3/18	57	6	9.96	59.76	
7/3/18	57	18	12.74	229.32	
7/3/18	57	4	8.61	34.44	
7/3/18	57	100	11.97	1197	
7/3/18	57	17	9.64	163.88	
7/3/18	57	4	6.39	25.56	
7/3/18	57	2	5.57	11.14	
7/3/18	61	19	14.72	279.68	
7/3/18	64	7	8.68	60.76	
7/3/18	64	5	7.83	39.15	
7/3/18	64	6	9.75	58.5	
7/3/18	64	8	10.54	84.32	
7/3/18	64	10	9.14	91.4	
7/3/18	67	3	9.04	27.12	
7/3/18	67	7	7.37	51.59	
7/3/18	67	5	8.87	44.35	
7/3/18	67	4	4.71	18.84	
7/3/18	67	5	7.74	38.7	
7/3/18	67	5	7.41	37.05	
7/3/18	67	2	9.33	18.66	
7/3/18	67	6	7.58	45.48	
7/3/18	68	7	9.2	64.4	
7/3/18	68	3	4.47	13.41	
7/3/18	68	4	5.66	22.64	
7/3/18	68	2	6.09	12.18	
7/3/18	68	5	5.82	29.1	
7/3/18	70	15	8.86	132.9	
7/3/18	70	11	8.93	98.23	
7/3/18	70	16	10.12	161.92	
7/3/18	70	22	11.05	243.1	
7/3/18	70	7	7.61	53.27	
7/3/18	70	10	9.4	94	
7/3/18	70	10	8.26	82.6	
7/3/18	70	3	7.08	21.24	
7/3/18	70	5	8.87	44.35	
7/3/18	71	2	8.4	16.8	
7/3/18	71	6	7.35	44.1	
7/3/18	71	6	7.65	45.9	
7/3/18	71	3	9.04	27.12	
7/3/18	71	4	8.69	34.76	
7/3/18	71	8	7.37	58.96	
7/3/18	71	10	10.08	100.8	
7/3/18	71	4	10.27	41.08	
7/3/18	72	6	9.5	57	
7/3/18	72	13	10.87	141.31	
7/3/18	72	3	8.83	26.49	
7/3/18	72	8	10.46	83.68	
7/3/18	72	5	11.18	55.9	
7/3/18	72	12	8.6	103.2	
7/3/18	72	6	8.37	50.22	
7/3/18	74	7	9.47	66.29	
7/3/18	76	5	11.61	58.05	
7/3/18	80	2	5.02	10.04	
7/3/18	80	2	6.11	12.22	
7/3/18	80	5	7.32	36.6	
7/3/18	81	11	10.52	115.72	
7/3/18	81	14	11.29	158.06	
7/3/18	81	19	10.01	190.19	
7/3/18	81	4	8.33	33.32	
7/3/18	81	8	9.81	78.48	
7/3/18	81	3	6.62	19.86	
7/3/18	81	8	9.02	72.16	
7/3/18	81	41	9.87	404.67	
7/3/18	82	3	7.61	22.83	
7/3/18	82	2	4.72	9.44	
7/3/18	82	2	6.87	13.74	
7/3/18	84	1	7.11	7.11	
7/3/18	84	7	9.19	64.33	
7/3/18	84	6	10.47	62.82	
7/3/18	84	6	7.83	46.98	
7/3/18	84	3	9.16	27.48	
7/3/18	84	3	10.34	31.02	
7/3/18	84	4	7.97	31.88	
7/3/18	84	6	10.25	61.5	
7/3/18	84	3	7.83	23.49	
7/3/18	84	2	9.6	19.2	
7/3/18	88	13	11.08	144.04	
7/3/18	90	8	9.66	77.28	
7/3/18	90	7	7.89	55.23	
7/3/18	90	8	9.26	74.08	
7/3/18	90	5	11.54	57.7	
7/3/18	90	6	10.02	60.12	
7/3/18	90	13	8.85	115.05	
7/3/18	90	7	8.56	59.92	
7/3/18	90	8	8.45	67.6	
7/3/18	90	7	7.71	53.97	
7/3/18	90	5	9.09	45.45	
7/3/18	90	8	7.56	60.48	
7/3/18	92	7	8.3	58.1	
7/3/18	92	4	8.82	35.28	
7/3/18	92	4	9.05	36.2	
7/3/18	94	10	12.64	126.4	
7/3/18	102	2	6.55	13.1	
7/3/18	102	8	10.101	80.808	
7/3/18	102	7	11.04	77.28	
7/3/18	106	4	9.76	39.04	
7/3/18	106	5	12.27	61.35	
7/3/18	106	5	10.67	53.35	
7/3/18	107	3	9.33	27.99	
7/3/18	107	2	6.17	12.34	
7/3/18	107	3	7.05	21.15	
7/3/18	107	5	9.17	45.85	
7/3/18	107	12	6.83	81.96	
7/3/18	108	4	5.09	20.36	
7/3/18	108	7	9.68	67.76	
7/3/18	108	1	4.37	4.37	
7/3/18	108	8	7.35	58.8	
7/3/18	108	8	7.76	62.08	
7/3/18	114	10	11.12	111.2	
7/3/18	114	10	12.31	123.1	
7/3/18	114	6	9.57	57.42	
7/3/18	114	9	8.98	80.82	
7/3/18	114	14	11.18	156.52	
7/3/18	330	60	16.08	964.8	
7/3/18	330	12	8.31	99.72	
7/3/18	330	9	10.33	92.97	
7/3/18	330	48	12.05	578.4	
7/3/18	223	11	9.73	107.03	
7/3/18	223	16	10.68	170.88	
7/3/18	223	16	8.18	130.88	
7/3/18	223	11	10.37	114.07	
7/3/18	223	12	10.35	124.2	
7/3/18	223	10	12.16	121.6	
7/3/18	223	5	9.16	45.8	
7/3/18	216	19	11.72	222.68	
7/3/18	216	8	10.41	83.28	
7/3/18	216	6	10.18	61.08	
7/3/18	216	10	11.39	113.9	
7/3/18	214	9	10.64	95.76	
7/3/18	214	9	11.1	99.9	
7/3/18	214	5	9.5	47.5	
7/3/18	214	14	13.07	182.98	
7/3/18	214	11	12.18	133.98	
7/3/18	214	8	11.54	92.32	
7/3/18	214	5	10.22	51.1	
7/3/18	214	10	10.76	107.6	
7/3/18	214	4	9.59	38.36	
7/3/18	214	4	10.72	42.88	
7/3/18	208	28	11.5	322	
7/3/18	208	12	11.09	133.08	
7/3/18	208	5	6	30	
7/3/18	208	7	10.4	72.8	
7/3/18	208	2	6.33	12.66	
7/3/18	208	2	8.27	16.54	
7/3/18	205	11	12.16	133.76	
7/3/18	205	11	11	121	
7/3/18	205	7	10.29	72.03	
7/3/18	205	18	9.13	164.34	
7/3/18	205	10	8	80	
7/3/18	205	7	7.89	55.23	
7/3/18	206	1	8.52	8.52	
7/3/18	202	5	6.32	31.6	
7/3/18	202	3	4.71	14.13	
7/3/18	202	6	6.91	41.46	
7/3/18	202	2	4.71	9.42	
7/3/18	202	4	8.01	32.04	
7/3/18	202	3	6.35	19.05	
7/3/18	202	4	6.17	24.68	
7/3/18	202	5	6.53	32.65	
7/3/18	204	13	10.42	135.46	
7/3/18	204	19	10.81	205.39	
7/3/18	204	8	9.02	72.16	
7/3/18	204	19	11.65	221.35	
7/3/18	204	18	10.21	183.78	
7/3/18	204	14	13.85	193.9	
7/3/18	204	13	11.71	152.23	
7/3/18	204	9	9.56	86.04	
7/3/18	204	8	11.27	90.16	
7/3/18	204	8	11.37	90.96	
7/3/18	204	10	11.63	116.3	
7/3/18	204	6	11.16	66.96	
7/3/18	204	7	7.95	55.65	
7/3/18	204	4	8.18	32.72	
7/3/18	197	15	10.42	156.3	
7/3/18	197	1	5.93	5.93	
7/3/18	190	6	8.65	51.9	
7/3/18	190	30	13.21	396.3	
7/3/18	190	15	11.33	169.95	
7/3/18	190	16	11.23	179.68	
7/3/18	190	11	10.64	117.04	
7/3/18	190	10	11.88	118.8	
7/3/18	190	9	8.12	73.08	
7/3/18	190	16	9.09	145.44	
7/3/18	190	7	7.74	54.18	
7/3/18	190	8	7.01	56.08	
7/3/18	190	14	10.05	140.7	
7/3/18	190	8	9.06	72.48	
7/3/18	190	5	9.55	47.75	
7/3/18	190	4	6.67	26.68	
7/3/18	190	6	9.64	57.84	
7/3/18	190	7	9.64	67.48	
7/3/18	114	8	12.25	98	
7/3/18	114	3	7.55	22.65	
7/3/18	114	4	10.44	41.76	
7/3/18	114	6	9.84	59.04	
7/3/18	114	3	10.49	31.47	
7/3/18	114	6	9.18	55.08	
7/3/18	115	3	6.39	19.17	
7/3/18	115	2	7.45	14.9	
7/3/18	115	4	6.07	24.28	
7/3/18	117	6	12.77	76.62	
7/3/18	117	23	13.08	300.84	
7/3/18	117	7	6.95	48.65	
7/3/18	117	16	7.21	115.36	
7/3/18	181	5	9.36	46.8	
7/3/18	181	4	8.85	35.4	
7/3/18	181	43	10.58	454.94	
7/3/18	181	6	7.02	42.12	
7/3/18	183	22	11.38	250.36	
7/10/18	241	3	9.27	27.81	
7/10/18	241	7	7.36	51.52	
7/10/18	243	1	5.41	5.41	
7/10/18	243	3	11.4	34.2	
7/10/18	243	18	10.34	186.12	
7/10/18	243	14	12.37	173.18	
7/10/18	243	24	13.95	334.8	
7/10/18	243	8	12.43	99.44	
7/10/18	243	16	13.31	212.96	
7/10/18	243	13	10.44	135.72	
7/10/18	243	8	15.32	122.56	
7/10/18	243	0	0	0	
7/10/18	243	16	13.44	215.04	
7/10/18	243	11	9.39	103.29	
7/10/18	243	2	8.83	17.66	
7/10/18	243	0	0	0	
7/10/18	243	7	11.07	77.49	
7/10/18	245	24	7.71	185.04	
7/10/18	246	17	9.04	153.68	
7/10/18	246	3	6.79	20.37	
7/10/18	246	4	6.33	25.32	
7/10/18	247	2	3.67	7.34	
7/10/18	247	11	11.7	128.7	
7/10/18	249	3	6.59	19.77	
7/10/18	249	5	8.22	41.1	
7/10/18	249	4	4.53	18.12	
7/10/18	249	3	7.28	21.84	
7/10/18	251	11	12.43	136.73	
7/10/18	251	15	10.97	164.55	
7/10/18	251	19	10.64	202.16	
7/10/18	251	6	9.71	58.26	
7/10/18	251	31	11.63	360.53	
7/10/18	251	9	10.69	96.21	
7/10/18	251	68	8.65	588.2	
7/10/18	251	3	7.92	23.76	
7/10/18	251	5	11.48	57.4	
7/10/18	251	15	10.76	161.4	
7/10/18	251	16	12.51	200.16	
7/10/18	251	3	4.66	13.98	
7/10/18	251	11	11.81	129.91	
7/10/18	251	14	12.89	180.46	
7/10/18	254	2	9.76	19.52	
7/10/18	255	15	14.15	212.25	
7/10/18	265	3	8.81	26.43	
7/10/18	265	1	5.51	5.51	
7/10/18	265	2	5.25	10.5	
7/10/18	278	3	6.17	18.51	
7/10/18	278	5	8.53	42.65	
7/10/18	278	4	8.83	35.32	
7/10/18	278	4	5.58	22.32	
7/10/18	284	5	12.81	64.05	
7/10/18	284	5	13.36	66.8	
7/10/18	284	4	9.35	37.4	
7/10/18	284	2	7.89	15.78	
7/10/18	285	4	9.05	36.2	
7/10/18	285	0	0	0	
7/10/18	285	0	0	0	
7/10/18	290	2	11.19	22.38	
7/10/18	290	20	12.15	243	
7/10/18	290	14	13.44	188.16	
7/10/18	290	15	12.42	186.3	
7/10/18	290	8	10.64	85.12	
7/10/18	290	9	11.34	102.06	
7/10/18	290	8	12.71	101.68	
7/10/18	290	3	8.48	25.44	
7/10/18	290	2	8.86	17.72	
7/10/18	294	18	11.63	209.34	
7/10/18	294	4	7.38	29.52	
7/10/18	294	2	8.4	16.8	
7/10/18	294	3	5.45	16.35	
7/10/18	294	1	6.92	6.92	
7/10/18	294	1	7.05	7.05	
7/10/18	294	3	6.13	18.39	
7/10/18	294	1	9.81	9.81	
7/10/18	294	1	9.18	9.18	
7/10/18	296	4	10.24	40.96	
7/10/18	296	4	9.67	38.68	
7/10/18	296	6	10.52	63.12	
7/10/18	296	2	8.75	17.5	
7/10/18	296	4	9.24	36.96	
7/10/18	296	11	11.09	121.99	
7/10/18	296	8	11.22	89.76	
7/10/18	296	11	11.47	126.17	
7/10/18	296	3	6.89	20.67	
7/10/18	296	1	9.09	9.09	
7/10/18	296	1	9.36	9.36	
7/10/18	297	4	12.04	48.16	
7/10/18	297	1	6.18	6.18	
7/10/18	297	3	6.29	18.87	
7/10/18	297	1	5.57	5.57	
7/10/18	298	1	10.65	10.65	
7/10/18	298	2	12.8	25.6	
7/10/18	298	1	9.86	9.86	
7/10/18	298	1	11.21	11.21	
7/10/18	299	5	6.75	33.75	
7/10/18	300	9	9.63	86.67	
7/10/18	300	5	10.11	50.55	
7/10/18	300	5	8.68	43.4	
7/10/18	300	3	8.08	24.24	
7/10/18	300	6	7.46	44.76	
7/10/18	302	3	5.39	16.17	
7/10/18	302	9	11.08	99.72	
7/10/18	302	2	5.03	10.06	
7/10/18	302	4	8.46	33.84	
7/10/18	306	1	3.66	3.66	
7/10/18	306	2	5.45	10.9	
7/10/18	312	2	6.19	12.38	
7/10/18	312	3	6.75	20.25	
7/10/18	312	2	3.45	6.9	
7/10/18	317	20	10.32	206.4	
7/10/18	317	19	9.8	186.2	
7/10/18	317	3	8.11	24.33	
7/10/18	317	9	11.68	105.12	
7/10/18	317	3	10.52	31.56	
7/10/18	317	2	9.33	18.66	
7/10/18	317	4	13.76	55.04	
7/10/18	317	1	7.17	7.17	
7/10/18	318	14	9.36	131.04	
7/10/18	318	3	9.68	29.04	
7/10/18	318	8	11.23	89.84	
7/10/18	318	1	6.05	6.05	
7/10/18	318	1	6.44	6.44	
7/10/18	320	6	9.59	57.54	
7/10/18	320	5	8.24	41.2	
7/10/18	320	2	11.57	23.14	
7/10/18	320	2	8.11	16.22	
7/10/18	320	4	10.5	42	
7/10/18	320	3	10.38	31.14	
7/10/18	320	3	9.96	29.88	
7/10/18	320	5	9.67	48.35	
7/10/18	320	6	10.62	63.72	
7/10/18	320	4	8.96	35.84	
7/10/18	321	2	5.56	11.12	
7/10/18	326	9	10.73	96.57	
7/10/18	326	3	8.31	24.93	
7/10/18	326	10	10.44	104.4	
7/10/18	326	5	8.07	40.35	
7/10/18	326	4	5.81	23.24	
7/10/18	326	9	7.76	69.84	
7/10/18	326	2	7.54	15.08	
7/10/18	326	6	10.09	60.54	
7/10/18	327	5	12.36	61.8	
7/10/18	328	5	13.13	65.65	
7/10/18	328	21	12.47	261.87	
7/10/18	328	6	11.89	71.34	
7/10/18	328	11	12.76	140.36	
7/10/18	328	8	13.17	105.36	
7/10/18	328	4	8.71	34.84	
7/10/18	328	2	11.91	23.82	
7/10/18	333	3	9.2	27.6	
7/10/18	333	19	9.88	187.72	
7/10/18	333	17	10.11	171.87	
7/10/18	333	10	7.34	73.4	
7/10/18	333	14	9.4	131.6	
7/10/18	333	2	7.46	14.92	
7/10/18	333	10	9.25	92.5	
7/10/18	333	7	9.49	66.43	
7/10/18	333	11	9.66	106.26	
7/10/18	333	7	6.95	48.65	
7/10/18	335	5	10.16	50.8	
7/10/18	335	6	11.52	69.12	
7/10/18	335	9	12.42	111.78	
7/10/18	335	5	10.26	51.3	
7/18/18	404	7	8.56	59.92	
7/18/18	404	7	8.68	60.76	
7/18/18	404	4	9.99	39.96	
7/18/18	413	4	11.77	47.08	
7/18/18	413	2	9.26	18.52	
7/18/18	413	2	4.28	8.56	
7/18/18	418	6	7.18	43.08	
7/18/18	418	8	11.11	88.88	
7/18/18	429	5	9.62	48.1	
7/18/18	429	3	5.66	16.98	
7/18/18	429	0	0	0	"No pod, Total 5 seedling"
7/18/18	431	4	5.16	20.64	
7/18/18	431	6	10.12	60.72	
7/18/18	431	6	9.16	54.96	
7/18/18	431	7	9.01	63.07	
7/18/18	431	4	6.44	25.76	
7/18/18	431	4	10.61	42.44	
7/18/18	431	4	9.95	39.8	
7/18/18	431	5	9.66	48.3	
7/18/18	431	7	5.08	35.56	
7/18/18	431	2	5.67	11.34	
7/18/18	431	2	4.14	8.28	
7/18/18	431	1	4.97	4.97	
7/18/18	471	3	6.94	20.82	
7/18/18	480	7	9.68	67.76	
7/18/18	480	6	8.75	52.5	
7/18/18	328	7	7.16	50.12	
7/18/18	328	6	7.74	46.44	
7/18/18	328	8	9.86	78.88	
7/18/18	328	6	8.66	51.96	
7/18/18	328	1	11.24	11.24	
7/18/18	328	2	10.29	20.58	
7/18/18	284	6	8.57	51.42	
7/18/18	284	1	3.32	3.32	
7/18/18	299	2	6.06	12.12	
7/18/18	328	5	7.71	38.55	
7/18/18	328	3	3.47	10.41	
7/18/18	328	3	4.96	14.88	
7/18/18	357	5	8.96	44.8	
7/18/18	357	2	4.15	8.3	
7/18/18	357	3	8.17	24.51	
7/18/18	357	1	4.33	4.33	
7/18/18	357	3	4.43	13.29	
7/18/18	16	2	4.21	8.42	
7/18/18	34	2	6.37	12.74	
7/18/18	34			0	11 Aborted
7/18/18	36	1	8.9	8.9	
7/18/18	42	3	8.17	24.51	
7/18/18	45	2	7.31	14.62	
7/18/18	45	1	2.08	2.08	
7/18/18	45			0	3 Aborted
7/18/18	61	1	4.03	4.03	
7/18/18	72	3	8.45	25.35	
7/18/18	72	1	5.09	5.09	
7/18/18	82	2	4.19	8.38	
7/18/18	82	3	7.35	22.05	
7/18/18	84	4	5.24	20.96	
7/18/18	84	6	8.6	51.6	
7/18/18	88	1	3.91	3.91	
7/18/18	88	2	4.3	8.6	
7/18/18	92	1	4.77	4.77	
7/18/18	129	1	6.15	6.15	
7/18/18	130	2	5.05	10.1	
7/18/18	130			0	3 Aborted
7/18/18	130	2	5.67	11.34	
7/18/18	130			0	6 Aborted
7/18/18	130	1	8.06	8.06	
7/18/18	130			0	5 Aborted
7/18/18	133	2	7.39	14.78	
7/18/18	141	5	9.76	48.8	
7/18/18	143	8	7.01	56.08	
7/18/18	143	3	3.71	11.13	
7/18/18	143	4	3.96	15.84	
7/18/18	143			0	3 Aborted
7/18/18	143	2	4.18	8.36	
7/18/18	143	1	3.26	3.26	
7/18/18	143			0	1 Aborted
7/18/18	151	1	6.83	6.83	
7/18/18	151	1	3.22	3.22	
7/18/18	151	2	7.58	15.16	
7/18/18	151			0	4 Aborted
7/18/18	151			0	3 Aborted
7/18/18	169	2	10.81	21.62	
7/18/18	169	2	7.74	15.48	
7/18/18	170	1	6.03	6.03	
7/18/18	170	1	11.38	11.38	
7/18/18	172	3	12.75	38.25	
7/18/18	172			0	7 Aborted
7/18/18	176	3	10.21	30.63	
7/18/18	181	15	6.31	94.65	
7/18/18	208			0	3 Aborted
7/18/18	208	1	8.12	8.12	
7/18/18	208			0	2 Aborted
7/3/18	445	41	10.75	440.75	
7/3/18	445	23	12.23	281.29	
7/3/18	445	30	11.21	336.3	
7/3/18	445	20	11.52	230.4	
7/3/18	445	9	8.25	74.25	
7/3/18	445	8	11.86	94.88	
7/3/18	446	60	13.26	795.6	
7/3/18	446	33	14.64	483.12	
7/3/18	446	15	12.3	184.5	
7/3/18	446	4	9.65	38.6	
7/3/18	247	4	9.38	37.52	
7/3/18	247	3	5.6	16.8	
7/3/18	251	23	12.91	296.93	
7/3/18	251	20	12.5	250	
7/3/18	251	22	12.38	272.36	
7/3/18	254	18	12.7	228.6	
7/3/18	259	4	9.77	39.08	
7/3/18	259	3	6.71	20.13	
7/3/18	261	11	12.32	135.52	
7/3/18	261	7	12.33	86.31	
7/3/18	261	6	12.54	75.24	
7/3/18	261	4	10.33	41.32	
7/3/18	261	7	9.64	67.48	
7/3/18	265	4	7.65	30.6	
7/3/18	265	3	7.18	21.54	
7/3/18	265	2	3.78	7.56	
7/3/18	265	3	6.31	18.93	
7/3/18	276	2	6.62	13.24	
7/3/18	276	3	7.26	21.78	
7/3/18	276	3	7.61	22.83	
7/3/18	276	3	6.34	19.02	
7/3/18	276	3	6.29	18.87	
7/3/18	276	3	7.63	22.89	
7/3/18	276	3	7.64	22.92	
7/3/18	276	3	8.56	25.68	
7/3/18	276	2	7.03	14.06	
7/3/18	276	2	6.92	13.84	
7/3/18	276	2	8.41	16.82	
7/3/18	276	3	7.85	23.55	
7/3/18	284	4	11.05	44.2	
7/3/18	284	6	11.16	66.96	
7/3/18	284	8	9.17	73.36	
7/3/18	284	10	11.71	117.1	
7/3/18	284	8	12.06	96.48	
7/3/18	284	7	10.8	75.6	
7/3/18	284	10	10.62	106.2	
7/3/18	284	13	12.79	166.27	
7/3/18	284	15	11.92	178.8	
7/3/18	284	5	11.91	59.55	
7/3/18	284	10	10.44	104.4	
7/3/18	287	4	8.07	32.28	
7/3/18	287	8	11.11	88.88	
7/3/18	287	4	8.68	34.72	
7/3/18	287	2	5.5	11	
7/3/18	290	5	10.8	54	
7/3/18	290	8	12.14	97.12	
7/3/18	290	7	12.23	85.61	
7/3/18	290	12	10.16	121.92	
7/3/18	290	5	10.06	50.3	
7/3/18	296	3	9.16	27.48	
7/3/18	296	10	8.4	84	
7/3/18	296	5	9.14	45.7	
7/3/18	300	20	11.26	225.2	
7/3/18	300	8	10.03	80.24	
7/3/18	298	23	12.22	281.06	
7/3/18	298	2	9.29	18.58	
7/3/18	298	2	8.3	16.6	
7/3/18	298	4	10.15	40.6	
7/3/18	298	5	8.88	44.4	
7/3/18	298	1	5.21	5.21	
7/3/18	310	22	12.54	275.88	
7/3/18	310	14	9.46	132.44	
7/3/18	310	27	11.93	322.11	
7/3/18	310	34	13.44	456.96	
7/3/18	310	24	11.12	266.88	
7/3/18	310	13	7.88	102.44	
7/3/18	310	4	7.81	31.24	
7/3/18	310	17	10.66	181.22	
7/3/18	310	8	9.61	76.88	
7/3/18	310	8	8.72	69.76	
7/3/18	310	8	10.56	84.48	
7/3/18	310	7	10.43	73.01	
7/3/18	310	7	7.8	54.6	
7/3/18	310	4	5.66	22.64	
7/3/18	317	8	11.87	94.96	
7/3/18	317	6	11.16	66.96	
7/3/18	317	25	14.78	369.5	
7/3/18	317	25	14.85	371.25	
7/3/18	317	8	11.47	91.76	
7/3/18	317	22	13.3	292.6	
7/3/18	318	11	9.75	107.25	
7/3/18	319	34	9.61	326.74	
7/3/18	319	17	14.6	248.2	
7/3/18	319	18	10.69	192.42	
7/3/18	319	19	11.25	213.75	
7/3/18	319	23	14.46	332.58	
7/3/18	319	6	8.6	51.6	
7/3/18	320	11	8.84	97.24	
7/3/18	320	9	10.62	95.58	
7/3/18	320	18	9.28	167.04	
7/3/18	320	17	10.63	180.71	
7/3/18	320	21	11.12	233.52	
7/3/18	320	5	7.89	39.45	
7/3/18	320	6	10.39	62.34	
7/3/18	320	6	9.54	57.24	
7/3/18	320	8	10.58	84.64	
7/3/18	323	8	15.6	124.8	
7/3/18	323	20	14.68	293.6	
7/3/18	323	54	14.64	790.56	
7/3/18	323	19	15.82	300.58	
7/3/18	323	23	13.69	314.87	
7/3/18	323	22	7.23	159.06	
7/3/18	323	26	12.12	315.12	
7/3/18	326	8	12.83	102.64	
7/3/18	326	12	10.89	130.68	
7/3/18	326	14	10.48	146.72	
7/3/18	326	9	10.19	91.71	
7/3/18	326	6	9.87	59.22	
7/3/18	333	16	10.31	164.96	
7/3/18	333	26	13.04	339.04	
7/3/18	333	10	9.58	95.8	
7/3/18	337	4	10.64	42.56	
7/3/18	339	9	10.59	95.31	
7/3/18	339	6	9.98	59.88	
7/3/18	339	5	8.57	42.85	
7/3/18	339	10	10.63	106.3	
7/3/18	339	6	8.02	48.12	
7/3/18	339	5	10.01	50.05	
7/3/18	349	8	10.6	84.8	
7/3/18	349	7	11.54	80.78	
7/3/18	349	3	7.79	23.37	
7/3/18	351	10	10.66	106.6	
7/3/18	351	8	12.5	100	
7/3/18	351	12	10.12	121.44	
7/3/18	351	8	10.99	87.92	
7/3/18	351	13	8.11	105.43	
7/3/18	355	4	8.68	34.72	
7/3/18	355	7	6.88	48.16	
7/3/18	356	2	6.79	13.58	
7/3/18	356	8	9.48	75.84	
7/3/18	356	3	7.23	21.69	
7/3/18	356	2	7.91	15.82	
7/3/18	359	6	7.35	44.1	
7/3/18	359	4	7.66	30.64	
7/3/18	359	3	5.18	15.54	
7/3/18	231	11	11.8	129.8	
7/3/18	231	4	9.27	37.08	
7/3/18	231	11	9.7	106.7	
7/3/18	231	9	9.84	88.56	
7/3/18	365	9	11.63	104.67	
7/3/18	365	6	8.57	51.42	
7/3/18	365	3	7.93	23.79	
7/3/18	365	4	9.39	37.56	
7/3/18	365	6	6.45	38.7	
7/3/18	365	16	9.57	153.12	
7/3/18	365	4	10.34	41.36	
7/3/18	365	4	9.11	36.44	
7/3/18	365	4	9.24	36.96	
7/3/18	366	7	6.9	48.3	
7/3/18	366	8	7.84	62.72	
7/3/18	366	8	8.58	68.64	
7/3/18	366	5	9.17	45.85	
7/3/18	366	9	9.56	86.04	
7/3/18	366	4	7.13	28.52	
7/3/18	366	9	7.04	63.36	
7/3/18	366	12	9.13	109.56	
7/3/18	366	18	9.58	172.44	
7/3/18	366	2	6.48	12.96	
7/3/18	366	9	8.72	78.48	
7/3/18	366	3	6.02	18.06	
7/3/18	370	7	10.18	71.26	
7/3/18	370	10	9.12	91.2	
7/3/18	372	20	9.16	183.2	
7/3/18	372	6	8.69	52.14	
7/3/18	372	19	9.7	184.3	
7/3/18	372	6	10.31	61.86	
7/3/18	372	14	11.25	157.5	
7/3/18	372	22	10.47	230.34	
7/3/18	375	9	9.67	87.03	
7/3/18	384	7	7.87	55.09	
7/3/18	384	10	8.04	80.4	
7/3/18	384	9	6.41	57.69	
7/3/18	384	7	7	49	
7/3/18	382	19	10.38	197.22	
7/3/18	382	18	10.83	194.94	
7/3/18	381	9	10.79	97.11	
7/3/18	381	11	8.19	90.09	
7/3/18	381	8	7.09	56.72	
7/3/18	381	16	10.95	175.2	
7/3/18	381	31	11.18	346.58	
7/3/18	385	15	9.65	144.75	
7/3/18	385	16	8.96	143.36	
7/3/18	385	7	9.43	66.01	
7/3/18	385	9	5.92	53.28	
7/3/18	385	10	10.26	102.6	
7/3/18	385	10	7	70	
7/3/18	385	19	9.16	174.04	
7/3/18	387	31	11.69	362.39	
7/3/18	387	13	12	156	
7/3/18	387	11	11.44	125.84	
7/3/18	387	12	13.95	167.4	
7/3/18	387	7	10.53	73.71	
7/3/18	387	43	12.29	528.47	
7/3/18	387	8	10.17	81.36	
7/3/18	388	14	9.56	133.84	
7/3/18	388	22	11.71	257.62	
7/3/18	388	10	11.41	114.1	
7/3/18	389	9	10.86	97.74	
7/3/18	389	12	13.4	160.8	
7/3/18	389	4	11.45	45.8	
7/3/18	389	5	8.74	43.7	
7/3/18	389	6	9.48	56.88	
7/3/18	389	11	9.24	101.64	
7/3/18	389	9	9.49	85.41	
7/3/18	389	9	8.92	80.28	
7/3/18	389	5	8	40	
7/3/18	389	4	8.12	32.48	
7/3/18	393	16	11.21	179.36	
7/3/18	393	28	10.06	281.68	
7/3/18	393	13	10.75	139.75	
7/3/18	391	4	9.14	36.56	
7/3/18	391	9	9.56	86.04	
7/3/18	391	6	7.53	45.18	
7/3/18	392	10	10.42	104.2	
7/3/18	392	8	10.01	80.08	
7/3/18	392	13	10.19	132.47	
7/3/18	392	10	9.13	91.3	
7/3/18	392	7	9.49	66.43	
7/3/18	392	14	8.73	122.22	
7/3/18	392	6	8.71	52.26	
7/3/18	392	6	8.57	51.42	
7/3/18	392	7	9.36	65.52	
7/3/18	402	10	12.57	125.7	
7/3/18	402	3	10.58	31.74	
7/3/18	409	21	12.74	267.54	
7/3/18	409	8	11.27	90.16	
7/3/18	409	6	12.19	73.14	
7/3/18	409	11	11.24	123.64	
7/3/18	409	11	10.54	115.94	
7/3/18	409	8	12.28	98.24	
7/3/18	409	7	11.32	79.24	
7/3/18	409	11	10.79	118.69	
7/3/18	410	7	9.55	66.85	
7/3/18	410	5	10.19	50.95	
7/3/18	416	9	10.83	97.47	
7/3/18	416	6	10.28	61.68	
7/3/18	435	5	7.96	39.8	
7/3/18	438	4	4.89	19.56	
7/3/18	438	8	7.39	59.12	
7/3/18	442	7	8.11	56.77	
7/3/18	443	6	9.66	57.96	
7/3/18	444	4	6.23	24.92	
7/3/18	444	2	10.32	20.64	
7/3/18	450	5	9.78	48.9	
7/3/18	450	6	9.24	55.44	
7/3/18	450	4	7.3	29.2	
7/3/18	450	8	8.01	64.08	
7/3/18	450	7	9.59	67.13	
7/3/18	453	7	7.36	51.52	
7/3/18	453	2	6.51	13.02	
7/3/18	456	6	7.85	47.1	
7/3/18	457	4	7.72	30.88	
7/3/18	457	1	4.13	4.13	
7/3/18	461	16	8.57	137.12	
7/3/18	468	7	7.47	52.29	
7/3/18	472	4	7.84	31.36	
7/3/18	403	7	8.36	58.52	
7/3/18	122	6	10.59	63.54	
7/3/18	122	4	8.33	33.32	
7/3/18	122	4	9.31	37.24	
7/3/18	127	6	10.45	62.7	
7/3/18	127	8	12.02	96.16	
7/3/18	128	7	8.72	61.04	
7/3/18	128	3	9.86	29.58	
7/3/18	129	4	7.83	31.32	
7/3/18	130	15	8.63	129.45	
7/3/18	130	11	13.09	143.99	
7/3/18	130	10	9.75	97.5	
7/3/18	130	11	8.5	93.5	
7/3/18	130	7	9.97	69.79	
7/3/18	130	9	8.36	75.24	
7/3/18	133	7	9.84	68.88	
7/3/18	133	10	7.53	75.3	
7/3/18	133	6	9.63	57.78	
7/3/18	133	7	11.12	77.84	
7/3/18	134	2	6.17	12.34	
7/3/18	134	4	5.81	23.24	
7/3/18	134	5	6.18	30.9	
7/3/18	146	3	6.63	19.89	
7/3/18	146	2	6.17	12.34	
7/3/18	146	3	4.33	12.99	
7/3/18	146	2	6.35	12.7	
7/3/18	146	7	7.93	55.51	
7/3/18	148	2	9.31	18.62	
7/3/18	148	4	6.61	26.44	
7/3/18	148	2	9.32	18.64	
7/3/18	148	2	9.96	19.92	
7/3/18	157	3	8.11	24.33	
7/3/18	157	3	6.8	20.4	
7/3/18	157	4	6.34	25.36	
7/3/18	157	4	7.24	28.96	
7/3/18	157	5	8.31	41.55	
7/3/18	157	5	7.86	39.3	
7/3/18	162	4	5.01	20.04	
7/3/18	162	2	4.29	8.58	
7/3/18	162	7	8.83	61.81	
7/3/18	162	3	6.55	19.65	
7/3/18	162	4	7.17	28.68	
7/3/18	162	4	6.29	25.16	
7/3/18	162	4	6.06	24.24	
7/3/18	162	5	6.98	34.9	
7/3/18	162	3	6.68	20.04	
7/3/18	162	6	6.18	37.08	
7/3/18	162	4	4.57	18.28	
7/3/18	162	5	6.87	34.35	
7/3/18	162	4	6.38	25.52	
7/3/18	162	6	5.55	33.3	
7/3/18	162	2	3.44	6.88	
7/3/18	170	11	9.23	101.53	
7/3/18	172	57	13.64	777.48	
7/3/18	172	46	11.24	517.04	
7/3/18	172	29	12.7	368.3	
7/3/18	172	39	11.74	457.86	
7/3/18	172	10	8.37	83.7	
7/3/18	172	9	11.09	99.81	
7/3/18	172	79	14.02	1107.58	
7/3/18	171	13	8.21	106.73	
7/3/18	171	22	11.29	248.38	
7/3/18	171	67	11.07	741.69	
7/3/18	171	43	11.24	483.32	
7/3/18	171	23	11.32	260.36	
7/3/18	171	21	8.83	185.43	
7/3/18	171	55	14.36	789.8	
7/3/18	175	15	9.53	142.95	
7/3/18	175	11	12.39	136.29	
7/3/18	175	30	12.79	383.7	
7/3/18	175	9	11.39	102.51	
7/3/18	175	17	11.77	200.09	
7/3/18	179	19	13.14	249.66	
7/3/18	179	2	10.33	20.66	
7/3/18	179	9	9.21	82.89	
7/3/18	179	11	11.32	124.52	
7/3/18	179	7	12.11	84.77	
7/3/18	179	9	9.55	85.95	
7/3/18	179	3	9.91	29.73	
7/3/18	179	11	9.81	107.91	
7/10/18	364	12	10.08	120.96	
7/10/18	364	10	10.05	100.5	
7/10/18	364	12	12.33	147.96	
7/10/18	365	6	10.55	63.3	
7/10/18	365	4	6.04	24.16	
7/10/18	365	2	4.56	9.12	
7/10/18	365	5	9.05	45.25	
7/10/18	365	4	7.31	29.24	
7/10/18	365	6	10.3	61.8	
7/10/18	365	4	6.44	25.76	
7/10/18	365	2	6.93	13.86	
7/10/18	366	6	8.22	49.32	
7/10/18	366	6	10.26	61.56	
7/10/18	366	9	8.84	79.56	
7/10/18	366	4	7.2	28.8	
7/10/18	372	7	9.9	69.3	
7/10/18	372	14	12.16	170.24	
7/10/18	372	18	9.64	173.52	
7/10/18	372	12	10.8	129.6	
7/10/18	372	12	10.88	130.56	
7/10/18	372	7	10.98	76.86	
7/10/18	372	13	10.43	135.59	
7/10/18	372	5	10.38	51.9	
7/10/18	379	13	11.33	147.29	
7/10/18	380	8	13.07	104.56	
7/10/18	380	7	9.07	63.49	
7/10/18	380	7	8.52	59.64	
7/10/18	380	13	11	143	
7/10/18	380	27	11.56	312.12	
7/10/18	380	9	9.99	89.91	
7/10/18	380	4	11.61	46.44	
7/10/18	380	7	9.48	66.36	
7/10/18	380	3	11.65	34.95	
7/10/18	380	5	4.95	24.75	
7/10/18	380	6	8.38	50.28	
7/10/18	380	6	9.09	54.54	
7/10/18	380	4	8.42	33.68	
7/10/18	380	4	4.61	18.44	
7/10/18	380	5	7.48	37.4	
7/10/18	381	3	5.84	17.52	
7/10/18	382	9	9.42	84.78	
7/10/18	384	12	9.95	119.4	
7/10/18	384	5	7.09	35.45	
7/10/18	384	7	9.37	65.59	
7/10/18	384	15	11.41	171.15	
7/10/18	384	15	8.71	130.65	
7/10/18	384	6	7.81	46.86	
7/10/18	384	17	9.09	154.53	
7/10/18	384	8	7.07	56.56	
7/10/18	384	9	8.51	76.59	
7/10/18	384	6	7.86	47.16	
7/10/18	384	6	7.51	45.06	
7/10/18	384	5	8.25	41.25	
7/10/18	384	6	6.99	41.94	
7/10/18	384	5	7.71	38.55	
7/10/18	384	3	8.83	26.49	
7/10/18	385	20	10.6	212	
7/10/18	385	24	10.88	261.12	
7/10/18	385	5	8.41	42.05	
7/10/18	387	5	12.05	60.25	
7/10/18	387	6	9.94	59.64	
7/10/18	387	8	9.73	77.84	
7/10/18	387	10	11.39	113.9	
7/10/18	387	7	11.41	79.87	
7/10/18	387	6	9.13	54.78	
7/10/18	391	4	11.72	46.88	
7/10/18	391	5	11.95	59.75	
7/10/18	392	4	8.39	33.56	
7/10/18	393	10	9.5	95	
7/10/18	393	13	8.77	114.01	
7/10/18	393	27	11.31	305.37	
7/10/18	393	15	10.99	164.85	
7/10/18	393	6	9.81	58.86	
7/10/18	393	13	9.68	125.84	
7/10/18	393	7	7.48	52.36	
7/10/18	393	11	10.66	117.26	
7/10/18	393	5	10.97	54.85	
7/10/18	403	5	9.18	45.9	
7/10/18	403	2	7.09	14.18	
7/10/18	403	3	5.22	15.66	
7/10/18	403	2	9.18	18.36	
7/10/18	403	2	6.71	13.42	
7/10/18	403	1	6.88	6.88	
7/10/18	404	11	10.69	117.59	
7/10/18	404	12	11.04	132.48	
7/10/18	404	7	11.03	77.21	
7/10/18	404	9	10.14	91.26	
7/10/18	404	8	7.98	63.84	
7/10/18	404	7	10.44	73.08	
7/10/18	404	5	9.74	48.7	
7/10/18	404	7	9.73	68.11	
7/10/18	404	9	11.17	100.53	
7/10/18	404	5	6.62	33.1	
7/10/18	404	7	10.06	70.42	
7/10/18	404	6	8.89	53.34	
7/10/18	404	5	8.11	40.55	
7/10/18	404	6	9.05	54.3	
7/10/18	404	4	10.36	41.44	
7/10/18	408	28	14.8	414.4	
7/10/18	409	27	12.43	335.61	
7/10/18	409	23	13.11	301.53	
7/10/18	409	8	11.78	94.24	
7/10/18	412	7	8.58	60.06	
7/10/18	412	9	9.88	88.92	
7/10/18	412	7	10.18	71.26	
7/10/18	414	4	9.14	36.56	
7/10/18	414	6	9.08	54.48	
7/10/18	414	15	9.11	136.65	
7/10/18	414	5	8.28	41.4	
7/10/18	414	4	6.55	26.2	
7/10/18	418	11	12.5	137.5	
7/10/18	418	14	12.42	173.88	
7/10/18	418	14	11.41	159.74	
7/10/18	418	2	8.81	17.62	
7/10/18	418	14	12.79	179.06	
7/10/18	418	11	11.27	123.97	
7/10/18	418	11	13.23	145.53	
7/10/18	418	10	13.24	132.4	
7/10/18	418	8	9.8	78.4	
7/10/18	418	7	11.48	80.36	
7/10/18	418	6	6.05	36.3	
7/10/18	419	13	12.04	156.52	
7/10/18	422	2	8.6	17.2	
7/10/18	422	5	8.54	42.7	
7/10/18	435	9	11.38	102.42	
7/10/18	446	9	12.09	108.81	
7/10/18	446	11	12.49	137.39	
7/10/18	446	10	11.02	110.2	
7/10/18	446	11	12.4	136.4	
7/10/18	446	10	10.66	106.6	
7/10/18	446	12	12.52	150.24	
7/10/18	446	13	11.67	151.71	
7/10/18	446	7	11.03	77.21	
7/10/18	446	10	12.69	126.9	
7/10/18	446	10	11.27	112.7	
7/10/18	446	10	13.03	130.3	
7/10/18	446	7	11.63	81.41	
7/10/18	446	5	11.29	56.45	
7/10/18	452	7	10.16	71.12	
7/10/18	452	4	9.66	38.64	
7/10/18	452	3	11.16	33.48	
7/10/18	456	9	11.94	107.46	
7/10/18	463	7	7.51	52.57	
7/10/18	468	7	12.22	85.54	
7/10/18	468	6	10.12	60.72	
7/10/18	468	2	7.75	15.5	
7/10/18	476	8	11.85	94.8	
7/10/18	476	9	11.06	99.54	
7/10/18	476	12	11.62	139.44	
7/10/18	476	8	11.16	89.28	
7/10/18	476	13	11.75	152.75	
7/10/18	476	12	12.14	145.68	
7/10/18	476	10	12.89	128.9	
7/10/18	476	9	7.58	68.22	
7/10/18	476	6	11.68	70.08	
7/10/18	476	6	10.78	64.68	
7/10/18	476	6	10.89	65.34	
7/10/18	476	6	9.83	58.98	
7/10/18	479	11	8.52	93.72	
7/10/18	479	8	9.65	77.2	
7/10/18	479	10	9.54	95.4	
7/10/18	479	9	7.38	66.42	
7/10/18	479	7	9.66	67.62	
7/10/18	479	9	9.66	86.94	
7/10/18	479	7	9.6	67.2	
7/10/18	479	5	8.34	41.7	
7/10/18	479	4	9.68	38.72	
7/10/18	479	7	11.42	79.94	
7/10/18	479	4	9.46	37.84	
7/10/18	479	7	9.28	64.96	
7/10/18	480	13	13.42	174.46	
7/10/18	480	7	9.54	66.78	
7/10/18	480	9	11.4	102.6	
7/10/18	480	5	11.42	57.1	
7/10/18	480	6	8.97	53.82	
7/10/18	128	4	12.1	48.4	
7/10/18	128	4	10.11	40.44	
7/10/18	128	5	12.63	63.15	
7/10/18	130	10	9.82	98.2	
7/10/18	134	4	7.05	28.2	
7/10/18	134	3	5.17	15.51	
7/10/18	134	3	7.4	22.2	
7/10/18	134	3	6.49	19.47	
7/10/18	134	3	4.56	13.68	
7/10/18	134	3	7.27	21.81	
7/10/18	134	3	5.16	15.48	
7/10/18	134	3	6	18	
7/10/18	146	4	10.38	41.52	
7/10/18	146	4	7.57	30.28	
7/10/18	170	36	11.89	428.04	
7/10/18	170	7	14.54	101.78	
7/10/18	171	140	16.3	2282	
7/10/18	171	74	13.76	1018.24	
7/10/18	171	70	12.9	903	
7/10/18	171	30	12.65	379.5	
7/10/18	171	44	12.89	567.16	
7/10/18	171	23	11.68	268.64	
7/10/18	171	22	12.89	283.58	
7/10/18	171	13	11.22	145.86	
7/10/18	172	68	12.85	873.8	
7/10/18	172	8	15.15	121.2	
7/10/18	172	8	11.62	92.96	
7/10/18	173	25	11.59	289.75	
7/10/18	173	19	10.76	204.44	
7/10/18	173	21	12.43	261.03	
7/10/18	173	20	10.68	213.6	
7/10/18	173	18	13.03	234.54	
7/10/18	173	21	11.62	244.02	
7/10/18	173	9	13.4	120.6	
7/10/18	173	46	12.11	557.06	
7/10/18	173	20	11.91	238.2	
7/10/18	173	40	12.91	516.4	
7/10/18	173	34	12.54	426.36	
7/10/18	173	24	12.95	310.8	
7/10/18	173	30	11.99	359.7	
7/10/18	173	27	11.39	307.53	
7/10/18	173	11	9.94	109.34	
7/10/18	173	12	9.59	115.08	
7/10/18	173	26	11.15	289.9	
7/10/18	173	28	12.57	351.96	
7/10/18	173	15	11.22	168.3	
7/10/18	173	11	10.39	114.29	
7/10/18	175	16	12.82	205.12	
7/10/18	175	9	14.23	128.07	
7/10/18	175	11	13.68	150.48	
7/10/18	175	8	12.82	102.56	
7/10/18	175	8	11.48	91.84	
7/10/18	175	5	12.49	62.45	
7/10/18	179	3	8.66	25.98	
7/10/18	179	13	11.61	150.93	
7/10/18	179	8	13.24	105.92	
7/10/18	206	5	7.37	36.85	
7/10/18	206	7	8.99	62.93	
7/10/18	206	6	9.93	59.58	
7/10/18	206	9	8.84	79.56	
7/10/18	206	4	7.67	30.68	
7/10/18	207	31	13.45	416.95	
7/10/18	207	19	11.69	222.11	
7/10/18	207	28	11.93	334.04	
7/10/18	207	10	8.22	82.2	
7/10/18	207	10	13.53	135.3	
7/10/18	207	18	10.42	187.56	
7/10/18	207	12	11.29	135.48	
7/10/18	207	12	12.64	151.68	
7/10/18	207	8	8.77	70.16	
7/10/18	207	6	10.89	65.34	
7/10/18	207	4	7.57	30.28	
7/10/18	207	4	12.62	50.48	
7/10/18	207	4	9.29	37.16	
7/10/18	214	4	9.48	37.92	
7/10/18	214	3	6.62	19.86	
7/10/18	216	10	10.93	109.3	
7/10/18	216	7	9.29	65.03	
7/10/18	224	9	8.66	77.94	
7/10/18	224	5	10.05	50.25	
7/10/18	235	18	11.03	198.54	
7/10/18	235	28	8.51	238.28	
7/10/18	117	39	13.39	522.21	
7/10/18	117	19	13.28	252.32	
7/10/18	115	2	9.14	18.28	
7/10/18	115	3	8.93	26.79	
7/10/18	115	3	6.84	20.52	
7/10/18	103	5	10.67	53.35	
7/10/18	103	2	4.92	9.84	
7/10/18	103	2	6.39	12.78	
7/10/18	103	2	6.24	12.48	
7/10/18	103	2	8.05	16.1	
7/10/18	102	14	12.69	177.66	
7/10/18	102	11	10.69	117.59	
7/10/18	102	14	12.27	171.78	
7/10/18	102	6	11.87	71.22	
7/10/18	102	9	11.8	106.2	
7/10/18	94	14	11.64	162.96	
7/10/18	94	2	11.01	22.02	
7/10/18	90	8	11.3	90.4	
7/10/18	88	8	10.42	83.36	
7/10/18	88	8	12.36	98.88	
7/10/18	88	5	7.48	37.4	
7/10/18	88	9	11.6	104.4	
7/10/18	88	8	11.34	90.72	
7/10/18	88	6	10.99	65.94	
7/10/18	88	7	11.97	83.79	
7/10/18	88	5	12.1	60.5	
7/10/18	88	9	12.87	115.83	
7/10/18	88	5	10.72	53.6	
7/10/18	88	9	9	81	
7/10/18	88	6	8.29	49.74	
7/10/18	88	2	4.73	9.46	
7/10/18	84	4	10.07	40.28	
7/10/18	84	5	10.73	53.65	
7/10/18	84	4	12.81	51.24	
7/10/18	83	4	9.31	37.24	
7/10/18	83	2	7.92	15.84	
7/10/18	83	2	6.87	13.74	
7/10/18	81	21	10.59	222.39	
7/10/18	81	12	10.36	124.32	
7/10/18	81	9	9.65	86.85	
7/10/18	81	6	9.18	55.08	
7/10/18	81	7	10.73	75.11	
7/10/18	81	8	11.08	88.64	
7/10/18	81	6	9.03	54.18	
7/10/18	81	4	10.16	40.64	
7/10/18	73	6	11.71	70.26	
7/10/18	73	6	9.63	57.78	
7/10/18	73	5	11.3	56.5	
7/10/18	73	6	11.59	69.54	
7/10/18	73	7	12.14	84.98	
7/10/18	73	3	8.11	24.33	
7/10/18	73	5	11.66	58.3	
7/10/18	73	4	8.32	33.28	
7/10/18	335	1	3.74	3.74	
7/10/18	335	6	11.34	68.04	
7/10/18	335	1	4.72	4.72	
7/10/18	335	4	10.82	43.28	
7/10/18	335	10	12.01	120.1	
7/10/18	335	16	10.13	162.08	
7/10/18	335	5	10.72	53.6	
7/10/18	335	6	7.04	42.24	
7/10/18	335	2	9.65	19.3	
7/10/18	335	6	9.54	57.24	
7/10/18	335	11	9.64	106.04	
7/10/18	335	2	6.61	13.22	
7/10/18	339	11	12.44	136.84	
7/10/18	339	3	3.12	9.36	
7/10/18	339	4	8.07	32.28	
7/10/18	339	4	6.83	27.32	
7/10/18	339	6	11.2	67.2	
7/10/18	339	3	11.66	34.98	
7/10/18	339	3	5.91	17.73	
7/10/18	339	7	11.36	79.52	
7/10/18	339	3	9.43	28.29	
7/10/18	339	2	11.32	22.64	
7/10/18	340	10	10.79	107.9	
7/10/18	340	3	7.62	22.86	
7/10/18	340	3	9.19	27.57	
7/10/18	340	4	6.61	26.44	
7/10/18	340	3	8.34	25.02	
7/10/18	342	2	4.81	9.62	
7/10/18	342	3	6.21	18.63	
7/10/18	342	2	7.69	15.38	
7/10/18	342	8	8.44	67.52	
7/10/18	342	8	7.36	58.88	
7/10/18	342	8	8.23	65.84	
7/10/18	342	9	9.77	87.93	
7/10/18	342	5	7.73	38.65	
7/10/18	342	8	9.06	72.48	
7/10/18	342	5	9.94	49.7	
7/10/18	342	3	7.52	22.56	
7/10/18	346	4	4.32	17.28	
7/10/18	346	5	4.79	23.95	
7/10/18	346	1	5.88	5.88	
7/10/18	349	3	7.93	23.79	
7/10/18	351	17	6.79	115.43	
7/10/18	351	5	6.19	30.95	
7/10/18	351	11	8.66	95.26	
7/10/18	351	4	8.17	32.68	
7/10/18	357	6	5.79	34.74	
7/10/18	359	2	5.28	10.56	
7/10/18	359	2	6.27	12.54	
7/10/18	15	3	9.92	29.76	
7/10/18	16	3	5.2	15.6	
7/10/18	17	5	11.28	56.4	
7/10/18	17	2	7.96	15.92	
7/10/18	17	1	8.26	8.26	
7/10/18	17	1	10.03	10.03	
7/10/18	17	3	6.6	19.8	
7/10/18	17	3	3.41	10.23	
7/10/18	17	19	12.31	233.89	
7/10/18	17	18	10.99	197.82	
7/10/18	17	8	12.14	97.12	
7/10/18	17	5	8.47	42.35	
7/10/18	18	4	8.75	35	
7/10/18	19	3	10.36	31.08	
7/10/18	24	2	9.17	18.34	
7/10/18	24	3	10.13	30.39	
7/10/18	24	1	9.61	9.61	
7/10/18	24	9	4.02	36.18	
7/10/18	24	3	5.59	16.77	
7/10/18	24	4	7.13	28.52	
7/10/18	24	5	6.68	33.4	
7/10/18	24	1	4.29	4.29	
7/10/18	25	2	3.89	7.78	
7/10/18	30	4	4.98	19.92	
7/10/18	30	2	5.88	11.76	
7/10/18	38	8	7.39	59.12	
7/10/18	38	3	5.77	17.31	
7/10/18	38	10	8.83	88.3	
7/10/18	38	10	6.11	61.1	
7/10/18	39	2	4.96	9.92	
7/10/18	39	2	5.57	11.14	
7/10/18	39	3	4.72	14.16	
7/10/18	39	5	5.81	29.05	
7/10/18	39	1	4.61	4.61	
7/10/18	39	2	6.37	12.74	
7/10/18	39	2	5.75	11.5	
7/10/18	48	8	9.52	76.16	
7/10/18	48	2	6.53	13.06	
7/10/18	56	1	4.11	4.11	
7/10/18	56	9	8.76	78.84	
7/10/18	56	2	11.03	22.06	
7/10/18	56	8	9.69	77.52	
7/10/18	56	7	7.74	54.18	
7/10/18	57	6	8.23	49.38	
7/10/18	57	2	6.26	12.52	
7/10/18	57	4	10.23	40.92	
7/10/18	57	2	7.01	14.02	
7/10/18	57	1	6.11	6.11	
7/10/18	61	4	10.49	41.96	
7/10/18	61	11	10.11	111.21	
7/10/18	61	23	12.33	283.59	
7/10/18	61	11	11.46	126.06	
7/10/18	61	3	10.68	32.04	
7/10/18	61	7	7.94	55.58	
7/10/18	61	2	10.92	21.84	
7/10/18	62	8	6.88	55.04	
7/10/18	64	4	11.09	44.36	
7/10/18	67	7	9.14	63.98	
7/10/18	70	4	7.05	28.2	
7/10/18	73	3	8.23	24.69	
7/10/18	73	4	8.87	35.48	
7/10/18	73	3	7.66	22.98	
7/10/18	73	2	5.49	10.98	
7/10/18	73	2	3.38	6.76	
7/10/18	73	6	7.76	46.56	
7/10/18	73	4	8.38	33.52	
7/10/18	73	3	6.44	19.32	
7/10/18	73	2	3.43	6.86	
7/10/18	73	4	4.93	19.72	
