PotID	PlantNum_Initial	FH_Num	FecundityNum	SurvivalNum	Mortality	6_12_total_num	6_12_late_germ_num	6_12_duplicate_num	Damaged_pot
1	1	0	0	0	1	7	5	0	NA
2	11	0	0	0	11	14	5	0	damaged
3	18	17	0	17	1	17	0	0	NA
4	19	16	0	16	3	17	0	0	NA
5	19	17	0	17	2	19	0	0	NA
6	19	19	0	19	0	19	0	0	NA
7	10	5	0	5	5	8	0	0	NA
8	17	8	0	8	9	15	0	0	NA
9	20	2	0	2	18	25	2	4	damaged
10	19	15	0	15	4	16	1	0	NA
11	8	4	0	4	4	7	0	0	NA
12	20	11	0	11	9	18	0	0	NA
13	19	6	9	15	4	20	0	0	NA
14	17	19	0	19	-2	27	5	5	NA
15	17	11	1	12	5	14	0	0	NA
16	16	3	3	6	10	10	0	0	NA
17	20	2	11	13	7	21	0	1	NA
18	20	9	1	10	10	19	0	0	NA
19	19	2	1	3	16	19	0	0	NA
20	19	14	0	14	5	20	0	0	NA
21	18	8	0	8	10	17	0	0	NA
22	20	2	5	7	13	18	0	0	NA
23	20	0	0	0	20	8	1	0	NA
24	20	0	11	11	9	19	0	0	NA
25	16	0	6	6	10	9	0	0	NA
26	17	1	0	1	16	18	1	0	NA
27	19	0	0	0	19	19	0	0	NA
28	17	0	0	0	17	13	0	0	NA
29	19	1	0	1	18	13	0	0	NA
30	18	2	9	11	7	21	4	0	NA
31	20	18	0	18	2	20	0	0	NA
32	15	12	0	12	3	16	0	0	NA
33	18	12	0	12	6	19	0	0	NA
34	18	10	6	16	2	19	1	0	NA
35	20	13	0	13	7	21	1	0	NA
36	18	9	6	15	3	18	0	1	NA
37	18	19	0	19	-1	18	0	0	NA
38	20	0	21	21	-1	19	0	0	NA
39	18	0	13	13	5	18	1	0	NA
40	0	0	0	0	0	0	0	0	NA
41	0	0	0	0	0	0	0	0	NA
42	19	10	4	14	5	19	1	0	NA
43	17	16	0	16	1	20	3	2	NA
44	19	0	21	21	-2	22	2	0	NA
45	18	9	5	14	4	21	5	0	NA
46	13	10	0	10	3	24	12	0	NA
47	20	13	0	13	7	19	0	0	NA
48	20	11	4	15	5	21	2	0	NA
49	19	2	0	2	17	20	0	0	NA
50	19	16	0	16	3	25	4	3	NA
51	19	15	0	15	4	27	0	7	NA
52	19	9	8	17	2	19	0	0	NA
53	20	16	0	16	4	26	1	5	NA
54	20	0	20	20	0	20	0	0	NA
55	20	5	7	12	8	21	2	0	NA
56	18	0	18	18	0	19	1	0	NA
57	20	0	20	20	0	19	0	0	NA
58	20	0	0	0	20	22	1	0	NA
59	20	2	0	2	18	20	0	0	NA
60	20	2	0	2	18	20	0	0	NA
61	20	5	9	14	6	21	1	0	NA
62	20	0	2	2	18	21	1	0	NA
63	20	18	0	18	2	20	0	0	NA
64	18	8	8	16	2	22	4	0	NA
65	19	5	0	5	14	19	0	0	NA
66	20	5	0	5	15	20	0	0	NA
67	20	3	9	12	8	18	0	0	NA
68	19	0	16	16	3	17	0	0	NA
69	20	15	0	15	5	19	0	0	NA
70	20	2	12	14	6	16	0	0	NA
71	20	0	14	14	6	19	0	0	NA
72	19	0	10	10	9	18	0	2	NA
73	19	0	19	19	0	15	0	0	NA
74	18	0	1	1	17	15	1	0	NA
75	19	14	0	14	5	20	0	1	NA
76	13	11	1	12	1	15	0	0	NA
77	0	0	0	0	0	0	0	0	NA
78	12	14	0	14	-2	19	0	0	NA
79	17	15	0	15	2	19	0	0	NA
80	15	2	5	7	8	17	3	0	NA
81	20	0	19	19	1	19	0	0	NA
82	20	0	9	9	11	16	0	0	NA
83	19	0	16	16	3	21	0	1	NA
84	16	0	19	19	-3	19	0	0	NA
85	19	20	0	20	-1	20	0	0	NA
86	20	20	0	20	0	20	0	0	NA
87	18	16	0	16	2	29	8	4	NA
88	18	0	16	16	2	20	0	0	NA
89	10	8	0	8	2	11	2	0	NA
90	19	1	15	16	3	19	0	0	NA
91	14	12	0	12	2	34	19	0	NA
92	17	6	8	14	3	17	2	0	NA
93	18	13	0	13	5	20	1	1	NA
94	18	4	3	7	11	18	0	0	NA
95	20	19	0	19	1	42	21	0	NA
96	15	15	0	15	0	24	9	0	NA
97	1	0	0	0	1	1	0	0	NA
98	17	16	0	16	1	18	0	0	NA
99	20	19	0	19	1	20	0	0	NA
100	20	2	0	2	18	20	0	0	damaged
101	17	9	0	9	8	20	1	0	NA
102	18	0	9	9	9	14	0	0	NA
103	20	3	12	15	5	21	2	0	NA
104	19	13	0	13	6	19	0	0	NA
105	13	12	0	12	1	15	1	0	NA
106	18	4	4	8	10	16	0	0	NA
107	18	0	16	16	2	15	0	0	NA
108	20	0	19	19	1	17	0	0	NA
109	13	6	0	6	7	16	2	0	NA
110	17	2	5	7	10	18	0	0	damaged
111	20	2	5	7	13	17	0	0	damaged
112	17	18	0	18	-1	16	0	0	NA
113	13	4	0	4	9	12	0	0	NA
114	13	0	12	12	1	13	0	0	NA
115	19	0	14	14	5	17	0	0	NA
116	12	0	12	12	0	19	6	0	NA
117	16	6	8	14	2	16	0	0	NA
118	17	4	2	6	11	18	0	0	NA
119	13	7	0	7	6	14	0	0	NA
120	18	0	0	0	18	17	0	0	damaged
121	17	1	0	1	16	18	1	0	damaged
122	18	8	3	11	7	18	0	0	NA
123	18	12	0	12	6	19	1	0	NA
124	18	5	5	10	8	18	0	0	NA
125	18	3	0	3	15	20	0	0	NA
126	20	0	0	0	20	20	0	0	damaged
127	20	10	5	15	5	18	1	0	NA
128	20	0	15	15	5	20	0	0	damaged
129	19	10	2	12	7	18	0	0	NA
130	20	7	13	20	0	20	0	0	damaged
131	17	10	0	10	7	19	1	0	NA
132	16	12	0	12	4	14	0	0	NA
133	18	4	5	9	9	16	0	0	NA
134	20	5	11	16	4	20	0	0	NA
135	17	16	0	16	1	17	1	0	NA
136	20	17	0	17	3	20	0	0	NA
137	16	0	0	0	16	15	1	0	damaged
138	20	3	0	3	17	19	2	0	damaged
139	19	12	0	12	7	18	0	0	NA
140	18	15	0	15	3	17	0	0	NA
141	18	13	1	14	4	21	3	0	NA
142	13	20	0	20	-7	39	24	0	NA
143	19	3	7	10	9	19	0	0	NA
144	10	11	0	11	-1	14	1	0	NA
145	15	1	0	1	14	12	0	0	NA
146	10	1	7	8	2	11	1	0	NA
147	16	12	0	12	4	13	0	0	NA
148	20	0	16	16	4	18	0	0	NA
149	19	2	0	2	17	18	0	0	NA
150	18	4	0	4	14	16	0	0	NA
151	19	13	5	18	1	18	0	0	NA
152	20	18	0	18	2	20	0	0	NA
153	17	7	2	9	8	17	0	0	NA
154	18	6	0	6	12	19	1	0	NA
155	20	17	0	17	3	21	2	0	NA
156	20	18	0	18	2	20	1	0	NA
157	20	11	6	17	3	20	0	0	NA
158	19	0	0	0	19	18	0	0	NA
159	20	0	18	18	2	19	0	0	NA
160	20	0	17	17	3	20	0	0	NA
161	20	0	11	11	9	19	0	0	NA
162	20	0	15	15	5	20	0	0	NA
163	20	0	0	0	20	18	0	0	NA
164	20	12	0	12	8	19	0	0	NA
165	20	0	0	0	20	19	0	0	NA
166	20	0	0	0	20	18	0	0	damaged
167	18	3	7	10	8	17	1	0	NA
168	20	17	0	17	3	18	0	0	NA
169	19	0	2	2	17	19	0	0	NA
170	16	0	5	5	11	17	0	0	NA
171	19	2	15	17	2	18	0	0	NA
172	18	0	12	12	6	16	0	0	NA
173	19	0	20	20	-1	20	0	0	NA
174	17	0	0	0	17	16	0	0	NA
175	17	2	11	13	4	16	0	0	NA
176	18	4	1	5	13	17	0	0	NA
177	17	6	0	6	11	17	0	0	NA
178	14	0	0	0	14	14	0	0	NA
179	20	5	11	16	4	19	0	0	NA
180	18	6	0	6	12	16	0	0	NA
181	17	0	17	17	0	15	0	0	NA
182	17	3	0	3	14	18	1	0	NA
183	3	2	1	3	0	4	1	0	NA
184	17	13	0	13	4	16	0	0	NA
185	16	2	0	2	14	16	0	0	NA
186	15	0	0	0	15	8	0	0	damaged
187	15	8	0	8	7	15	1	0	NA
188	18	0	15	15	3	16	0	0	NA
189	14	13	0	13	1	12	0	0	NA
190	17	1	16	17	0	16	0	0	NA
191	7	5	0	5	2	8	0	0	NA
192	18	14	0	14	4	17	0	0	NA
193	16	9	0	9	7	15	0	0	NA
194	20	4	0	4	16	18	0	0	NA
195	13	5	0	5	8	11	0	0	NA
196	20	14	0	14	6	20	0	2	NA
197	15	0	12	12	3	16	0	0	NA
198	17	13	0	13	4	30	17	0	NA
199	18	16	0	16	2	17	0	0	NA
200	4	3	0	3	1	4	0	0	damaged
201	19	7	0	7	12	18	0	0	damaged
202	18	0	8	8	10	17	0	0	damaged
203	19	13	0	13	6	19	0	0	NA
204	20	1	18	19	1	20	2	0	NA
205	16	0	18	18	-2	16	0	1	NA
206	16	0	9	9	7	18	0	0	NA
207	18	4	13	17	1	18	0	0	NA
208	20	1	25	26	-6	20	0	0	NA
209	19	0	0	0	19	20	1	0	damaged
210	16	10	0	10	6	19	3	0	NA
211	19	13	0	13	6	17	0	0	NA
212	20	12	0	12	8	27	9	0	NA
213	19	0	1	1	18	20	0	0	damaged
214	20	0	17	17	3	19	0	0	damaged
215	20	14	0	14	6	20	0	0	NA
216	15	0	11	11	4	14	0	0	NA
217	17	0	0	0	17	7	0	0	damaged
218	16	16	0	16	0	16	0	0	NA
219	20	18	0	18	2	20	0	0	NA
220	17	15	0	15	2	17	0	0	NA
221	19	16	0	16	3	19	0	2	NA
222	19	15	0	15	4	18	0	0	NA
223	18	0	17	17	1	16	0	0	NA
224	19	15	3	18	1	18	0	0	NA
225	20	0	5	5	15	16	3	0	NA
226	18	13	0	13	5	18	0	0	NA
227	20	12	0	12	8	18	0	0	NA
228	11	7	0	7	4	9	0	0	NA
229	20	11	0	11	9	18	0	0	NA
230	20	0	0	0	20	19	0	0	damaged
231	20	0	7	7	13	20	1	0	NA
232	19	0	0	0	19	18	0	0	damaged
233	19	16	0	16	3	22	3	0	damaged
234	13	8	0	8	5	14	5	0	NA
235	20	0	5	5	15	6	0	0	NA
236	12	0	0	0	12	4	2	0	NA
237	20	12	0	12	8	20	0	0	NA
238	20	15	0	15	5	21	0	1	NA
239	20	19	0	19	1	20	1	1	NA
240	19	13	0	13	6	19	0	0	NA
241	10	3	2	5	5	11	2	0	NA
242	13	0	0	0	13	12	0	0	NA
243	18	0	15	15	3	18	0	0	NA
244	19	0	0	0	19	19	0	0	NA
245	20	0	10	10	10	20	0	0	NA
246	17	0	3	3	14	14	0	0	damaged
247	20	0	7	7	13	22	1	1	damaged
248	5	3	0	3	2	5	0	0	NA
249	16	0	13	13	3	16	0	0	NA
250	19	0	0	0	19	19	0	0	NA
251	18	0	17	17	1	18	0	0	NA
252	18	0	0	0	18	18	0	0	NA
253	14	0	0	0	14	12	0	0	NA
254	20	0	18	18	2	19	0	0	NA
255	12	9	2	11	1	12	0	0	NA
256	20	12	0	12	8	20	0	0	NA
257	20	0	14	14	6	16	0	0	NA
258	20	8	0	8	12	20	0	0	NA
259	17	9	6	15	2	17	0	0	NA
260	16	16	0	16	0	17	0	1	NA
261	20	0	24	24	-4	20	0	0	NA
262	17	4	0	4	13	15	2	0	NA
263	18	0	0	0	18	3	1	0	damaged
264	20	0	16	16	4	19	0	0	damaged
265	18	0	7	7	11	12	0	0	NA
266	20	14	0	14	6	16	0	0	damaged
267	20	0	0	0	20	15	0	0	NA
268	20	20	0	20	0	20	0	0	NA
269	19	0	0	0	19	10	0	0	NA
270	19	8	0	8	11	20	0	0	NA
271	10	9	0	9	1	11	0	0	NA
272	20	9	0	9	11	20	0	0	NA
273	20	20	0	20	0	16	0	0	NA
274	19	13	0	13	6	18	0	0	NA
275	18	0	17	17	1	16	0	0	NA
276	20	0	12	12	8	20	2	0	NA
277	16	12	0	12	4	15	0	1	NA
278	20	0	8	8	12	17	0	0	NA
279	20	7	3	10	10	20	0	0	NA
280	7	7	0	7	0	8	1	0	NA
281	20	7	0	7	13	18	0	0	NA
282	20	18	0	18	2	18	0	0	NA
283	19	8	2	10	9	18	0	0	NA
284	17	0	17	17	0	18	0	0	NA
285	18	1	6	7	11	18	0	0	NA
286	18	11	0	11	7	19	0	0	NA
287	15	7	4	11	4	12	0	0	NA
288	20	19	0	19	1	20	0	0	NA
289	19	2	0	2	17	19	0	0	NA
290	20	0	14	14	6	19	0	0	NA
291	6	0	0	0	6	6	0	0	NA
292	20	1	0	1	19	17	0	0	NA
293	20	8	0	8	12	20	0	0	NA
294	20	0	9	9	11	16	0	0	NA
295	0	0	0	0	0	0	0	0	NA
296	18	0	16	16	2	17	0	0	NA
297	18	3	4	7	11	15	0	0	NA
298	20	0	10	10	10	19	0	0	NA
299	19	14	2	16	3	19	0	0	NA
300	20	0	7	7	13	8	0	0	NA
301	20	14	0	14	6	19	0	0	NA
302	19	0	14	14	5	17	0	0	NA
303	19	16	0	16	3	20	1	0	NA
304	20	2	0	2	18	19	0	0	NA
305	16	6	0	6	10	13	0	0	NA
306	17	0	6	6	11	14	2	0	NA
307	19	11	0	11	8	19	0	0	NA
308	18	10	0	10	8	15	0	0	NA
309	8	5	0	5	3	9	0	0	NA
310	20	0	14	14	6	19	0	0	NA
311	19	17	0	17	2	18	0	0	NA
312	15	0	13	13	2	16	0	0	NA
313	20	4	0	4	16	20	0	0	NA
314	20	0	17	17	3	18	0	0	NA
315	20	20	0	20	0	20	0	0	NA
316	20	17	0	17	3	20	0	0	NA
317	20	0	14	14	6	18	0	0	NA
318	17	0	6	6	11	9	0	0	NA
319	20	4	6	10	10	19	0	1	NA
320	20	0	19	19	1	20	0	0	NA
321	20	0	15	15	5	18	0	0	NA
322	20	3	0	3	17	20	0	0	NA
323	18	2	7	9	9	18	0	0	NA
324	17	14	0	14	3	17	1	0	NA
325	20	10	0	10	10	20	0	0	NA
326	20	0	20	20	0	21	0	1	NA
327	14	0	1	1	13	11	0	0	NA
328	19	0	16	16	3	19	0	0	NA
329	20	12	0	12	8	20	0	0	NA
330	20	8	4	12	8	20	0	0	NA
331	20	0	0	0	20	21	4	0	damaged
332	18	0	18	18	0	17	0	0	NA
333	20	0	16	16	4	17	0	0	NA
334	20	2	2	4	16	19	0	0	NA
335	19	0	16	16	3	15	0	0	NA
336	20	21	0	21	-1	20	0	0	NA
337	18	0	11	11	7	18	0	0	NA
338	19	16	0	16	3	19	0	0	NA
339	20	3	17	20	0	19	0	0	NA
340	7	3	5	8	-1	4	0	0	NA
341	19	6	0	6	13	18	0	0	NA
342	20	0	11	11	9	18	0	0	NA
343	20	17	0	17	3	17	1	0	NA
344	19	18	0	18	1	18	0	0	NA
345	20	12	0	12	8	20	0	0	NA
346	19	5	3	8	11	19	0	0	NA
347	20	0	0	0	20	20	0	0	NA
348	20	10	0	10	10	19	0	0	NA
349	19	10	6	16	3	18	0	0	NA
350	15	14	0	14	1	15	0	0	NA
351	20	0	12	12	8	19	0	0	NA
352	20	5	0	5	15	20	0	0	NA
353	20	14	0	14	6	19	0	0	NA
354	11	0	0	0	11	12	0	1	NA
355	19	2	2	4	15	12	0	0	NA
356	15	8	4	12	3	15	0	0	NA
357	20	11	6	17	3	20	0	0	NA
358	20	13	0	13	7	20	0	0	NA
359	20	8	5	13	7	17	0	0	NA
360	20	0	10	10	10	14	0	0	NA
361	17	8	0	8	9	14	0	0	NA
362	16	0	0	0	16	15	2	0	damaged
363	18	0	0	0	18	17	0	0	damaged
364	19	9	15	24	-5	20	0	1	NA
365	18	0	17	17	1	14	0	0	damaged
366	18	0	16	16	2	18	0	0	NA
367	20	0	0	0	20	21	1	0	damaged
368	16	0	0	0	16	16	0	0	damaged
369	19	13	0	13	6	18	0	0	NA
370	20	0	10	10	10	20	0	0	NA
371	19	8	0	8	11	18	0	0	damaged
372	20	0	20	20	0	20	0	0	NA
373	17	11	0	11	6	15	0	0	NA
374	10	0	0	0	10	10	1	0	NA
375	19	0	13	13	6	13	0	0	NA
376	20	8	0	8	12	20	0	0	damaged
377	17	10	0	10	7	17	0	0	NA
378	16	0	0	0	16	17	0	0	damaged
379	19	5	7	12	7	18	0	0	NA
380	18	0	15	15	3	16	0	0	NA
381	20	1	14	15	5	17	0	0	NA
382	19	5	6	11	8	18	0	0	NA
383	19	0	8	8	11	17	0	0	damaged
384	20	0	19	19	1	18	0	0	damaged
385	17	0	10	10	7	17	1	0	NA
386	3	0	0	0	3	3	0	0	NA
387	18	0	21	21	-3	19	0	0	NA
388	9	0	5	5	4	8	0	0	NA
389	17	0	16	16	1	17	0	0	NA
390	20	0	0	0	20	20	0	0	damaged
391	17	7	5	12	5	17	0	0	NA
392	20	0	10	10	10	20	0	0	damaged
393	17	0	17	17	0	17	0	0	NA
394	20	11	0	11	9	20	0	0	NA
395	19	17	0	17	2	19	0	0	NA
396	16	0	0	0	16	0	0	0	damaged
397	18	3	0	3	15	18	0	0	NA
398	20	17	0	17	3	20	0	0	NA
399	20	0	0	0	20	20	0	0	NA
400	20	18	0	18	2	20	0	0	NA
401	19	6	0	6	13	19	0	0	NA
402	19	5	4	9	10	17	0	0	NA
403	19	4	13	17	2	18	0	0	NA
404	18	0	18	18	0	18	0	0	NA
405	17	0	0	0	17	16	0	0	NA
406	20	4	0	4	16	20	0	0	damaged
407	16	0	0	0	16	15	0	0	NA
408	18	8	1	9	9	18	0	0	NA
409	20	0	17	17	3	17	0	0	NA
410	18	0	2	2	16	19	0	0	damaged
411	4	1	0	1	3	4	1	0	NA
412	3	0	3	3	0	3	0	0	NA
413	17	10	3	13	4	18	1	0	NA
414	18	0	5	5	13	16	0	0	NA
415	19	0	0	0	19	18	0	0	NA
416	17	6	23	29	-12	17	0	0	NA
417	14	15	0	15	-1	16	0	0	NA
418	18	0	13	13	5	14	0	0	NA
419	20	0	17	17	3	17	0	0	NA
420	18	17	0	17	1	18	0	0	NA
421	20	13	0	13	7	20	0	0	NA
422	20	9	2	11	9	20	0	0	NA
423	19	16	0	16	3	18	0	0	NA
424	20	12	0	12	8	20	0	0	NA
425	18	12	0	12	6	17	0	0	NA
426	19	16	0	16	3	16	0	0	NA
427	20	4	0	4	16	9	1	0	NA
428	19	9	0	9	10	15	2	0	NA
429	17	7	3	10	7	16	0	0	NA
430	18	9	0	9	9	17	0	0	NA
431	20	0	12	12	8	20	0	0	NA
432	20	18	0	18	2	18	0	0	NA
433	13	12	0	12	1	13	0	0	NA
434	19	1	2	3	16	15	2	0	NA
435	16	7	4	11	5	13	0	0	NA
436	16	0	0	0	16	14	1	0	damaged
437	13	11	0	11	2	13	1	2	NA
438	19	4	10	14	5	21	2	0	damaged
439	18	0	0	0	18	16	0	0	damaged
440	14	4	0	4	10	11	0	0	damaged
441	16	17	0	17	-1	23	9	0	NA
442	20	2	18	20	0	20	0	0	NA
443	18	4	3	7	11	19	0	1	NA
444	14	0	2	2	12	10	0	0	damaged
445	16	0	6	6	10	16	0	0	NA
446	15	2	17	19	-4	14	0	0	NA
447	20	4	4	8	12	21	0	1	NA
448	20	19	0	19	1	20	0	0	NA
449	14	9	0	9	5	14	0	1	NA
450	17	9	5	14	3	11	0	0	damaged
451	17	2	0	2	15	18	2	1	NA
452	17	0	7	7	10	15	0	0	NA
453	18	10	2	12	6	16	1	0	NA
454	19	0	3	3	16	19	1	0	NA
455	4	2	0	2	2	5	2	0	NA
456	14	0	6	6	8	8	0	0	NA
457	19	0	6	6	13	18	0	0	NA
458	20	6	0	6	14	16	0	0	NA
459	20	10	0	10	10	17	0	0	NA
460	19	20	0	20	-1	19	0	0	NA
461	13	4	1	5	8	8	0	0	NA
462	7	3	0	3	4	2	0	0	NA
463	19	0	17	17	2	17	0	0	NA
464	20	15	0	15	5	18	0	0	NA
465	20	18	0	18	2	20	0	0	NA
466	19	17	0	17	2	18	0	0	NA
467	20	13	0	13	7	26	6	0	NA
468	15	12	4	16	-1	18	2	0	NA
469	19	18	0	18	1	23	1	3	NA
470	6	8	0	8	-2	6	1	0	NA
471	13	6	1	7	6	23	5	4	NA
472	18	10	1	11	7	11	0	0	NA
473	15	12	0	12	3	28	12	2	NA
474	17	2	1	3	14	21	4	0	NA
475	14	15	0	15	-1	29	10	3	NA
476	18	11	12	23	-5	21	2	2	NA
477	18	0	0	0	18	13	0	0	NA
478	20	6	0	6	14	15	2	0	NA
479	18	1	12	13	5	22	2	0	NA
480	19	6	7	13	6	18	0	0	NA
